,GENBANK_REFERENCE,CATALOGUE_NAME,CATALOGUE_VERSION,CATALOGUE_GRAMMAR,PREDICTION_VALUES,DRUG,MUTATION,PREDICTION,SOURCE,EVIDENCE,OTHER
0,NC00962.3,AMI-0.05-0.9-0.1,0.0,GARC1,RUS,AMI,eis@V163I,S,{},"{""proportion"": 0.01455604075691412, ""confidence"": [0.00872114034390365, 0.02419949320702361], ""p_value"": 1.1550838798080936e-06, ""contingency"": [[10, 677], [187, 14171]]}",{}
1,NC00962.3,AMI-0.05-0.9-0.1,0.0,GARC1,RUS,AMI,rrs@a514c,S,{},"{""proportion"": 0.020771513353115726, ""confidence"": [0.011300548657257048, 0.03787599195563655], ""p_value"": 0.011595250084029595, ""contingency"": [[7, 330], [187, 14171]]}",{}
2,NC00962.3,AMI-0.05-0.9-0.1,0.0,GARC1,RUS,AMI,rrs@c517t,S,{},"{""proportion"": 0.005208333333333333, ""confidence"": [0.001162797535207108, 0.023004688251887655], ""p_value"": 0.0012736724675484086, ""contingency"": [[1, 191], [187, 14171]]}",{}
3,NC00962.3,AMI-0.05-0.9-0.1,0.0,GARC1,RUS,AMI,eis@805_del_ac,S,{},"{""proportion"": 0.005813953488372093, ""confidence"": [0.0012981182231660566, 0.025636021135335828], ""p_value"": 0.002549778925198227, ""contingency"": [[1, 171], [187, 14171]]}",{}
4,NC00962.3,AMI-0.05-0.9-0.1,0.0,GARC1,RUS,AMI,eis@c-12t,S,{},"{""proportion"": 0.02577319587628866, ""confidence"": [0.01546822974932124, 0.04264597885228545], ""p_value"": 0.026126668341170237, ""contingency"": [[10, 378], [187, 14171]]}",{}
5,NC00962.3,AMI-0.05-0.9-0.1,0.0,GARC1,RUS,AMI,rrs@c492t,S,{},"{""proportion"": 0.00945945945945946, ""confidence"": [0.005136881490095049, 0.01735594033051916], ""p_value"": 1.9141375704663465e-09, ""contingency"": [[7, 733], [187, 14171]]}",{}
409,NC00962.3,AMI-0.05-0.9-0.1,0.0,GARC1,RUS,AMI,rrs@*=,S,{},"{""default_rule"": ""True""}",{}
415,NC00962.3,AMI-0.05-0.9-0.1,0.0,GARC1,RUS,AMI,eis@*=,S,{},"{""default_rule"": ""True""}",{}
8,NC00962.3,AMI-0.05-0.9-0.1,0.0,GARC1,RUS,AMI,rrs@a1401g,R,{},"{""proportion"": 0.9054373522458629, ""confidence"": [0.8910506954370889, 0.9180988795542414], ""p_value"": 0.0, ""contingency"": [[1149, 120], [228, 16797]]}",{}
9,NC00962.3,AMI-0.05-0.9-0.1,0.0,GARC1,RUS,AMI,eis@c-14t,R,{},"{""proportion"": 0.37209302325581395, ""confidence"": [0.30539219918621996, 0.4440488711397089], ""p_value"": 4.218965505287976e-29, ""contingency"": [[48, 81], [228, 16797]]}",{}
20,NC00962.3,AMI-0.05-0.9-0.1,0.0,GARC1,RUS,AMI,rrs@c1402t,R,{},"{""proportion"": 0.29411764705882354, ""confidence"": [0.15120106192956342, 0.4935689482806757], ""p_value"": 0.0011646414589029223, ""contingency"": [[5, 12], [228, 16797]]}",{}
42,NC00962.3,AMI-0.05-0.9-0.1,0.0,GARC1,RUS,AMI,rrs@c1001g,R,{},"{""proportion"": 1.0, ""confidence"": [0.26986594878405434, 1.0000000000000002], ""p_value"": 0.05, ""contingency"": [[1, 0], [228, 16797]]}",{}
59,NC00962.3,AMI-0.05-0.9-0.1,0.0,GARC1,RUS,AMI,rrs@t-89c,R,{},"{""proportion"": 1.0, ""confidence"": [0.26986594878405434, 1.0000000000000002], ""p_value"": 0.05, ""contingency"": [[1, 0], [228, 16797]]}",{}
61,NC00962.3,AMI-0.05-0.9-0.1,0.0,GARC1,RUS,AMI,rrs@g1484t,R,{},"{""proportion"": 0.45454545454545453, ""confidence"": [0.29467055196320485, 0.6243759566183151], ""p_value"": 3.618092353607024e-08, ""contingency"": [[10, 12], [228, 16797]]}",{}
65,NC00962.3,AMI-0.05-0.9-0.1,0.0,GARC1,RUS,AMI,eis@952_del_t,R,{},"{""proportion"": 1.0, ""confidence"": [0.26986594878405434, 1.0000000000000002], ""p_value"": 0.05, ""contingency"": [[1, 0], [228, 16797]]}",{}
141,NC00962.3,AMI-0.05-0.9-0.1,0.0,GARC1,RUS,AMI,eis@E199A,R,{},"{""proportion"": 1.0, ""confidence"": [0.26986594878405434, 1.0000000000000002], ""p_value"": 0.05, ""contingency"": [[1, 0], [228, 16797]]}",{}
158,NC00962.3,AMI-0.05-0.9-0.1,0.0,GARC1,RUS,AMI,rrs@g1484a,R,{},"{""proportion"": 0.5, ""confidence"": [0.12086631942227369, 0.8791336805777263], ""p_value"": 0.09749999999999999, ""contingency"": [[1, 1], [228, 16797]]}",{}
180,NC00962.3,AMI-0.05-0.9-0.1,0.0,GARC1,RUS,AMI,eis@L235R,R,{},"{""proportion"": 1.0, ""confidence"": [0.26986594878405434, 1.0000000000000002], ""p_value"": 0.05, ""contingency"": [[1, 0], [228, 16797]]}",{}
266,NC00962.3,AMI-0.05-0.9-0.1,0.0,GARC1,RUS,AMI,rrs@t1491c,R,{},"{""proportion"": 0.5, ""confidence"": [0.12086631942227369, 0.8791336805777263], ""p_value"": 0.09749999999999999, ""contingency"": [[1, 1], [228, 16797]]}",{}
316,NC00962.3,AMI-0.05-0.9-0.1,0.0,GARC1,RUS,AMI,eis@L331R,R,{},"{""proportion"": 0.5, ""confidence"": [0.12086631942227369, 0.8791336805777263], ""p_value"": 0.09749999999999999, ""contingency"": [[1, 1], [228, 16797]]}",{}
6,NC00962.3,AMI-0.05-0.9-0.1,0.0,GARC1,RUS,AMI,eis@g-37t,U,{},"{""proportion"": 0.06642066420664207, ""confidence"": [0.04558047362892958, 0.09583260469473591], ""p_value"": 0.20860843084954883, ""contingency"": [[18, 253], [228, 16797]]}",{}
7,NC00962.3,AMI-0.05-0.9-0.1,0.0,GARC1,RUS,AMI,eis@g-10a,U,{},"{""proportion"": 0.05668016194331984, ""confidence"": [0.03693988474875749, 0.08602712282887028], ""p_value"": 0.5603520189106175, ""contingency"": [[14, 233], [228, 16797]]}",{}
10,NC00962.3,AMI-0.05-0.9-0.1,0.0,GARC1,RUS,AMI,rrs@642_ins_t,U,{},"{""proportion"": 0.0, ""confidence"": [0.0, 0.21294197008340696], ""p_value"": 1.0, ""contingency"": [[0, 10], [228, 16797]]}",{}
11,NC00962.3,AMI-0.05-0.9-0.1,0.0,GARC1,RUS,AMI,eis@P274L,U,{},"{""proportion"": 0.0, ""confidence"": [0.0, 0.7301340512159458], ""p_value"": 1.0, ""contingency"": [[0, 1], [228, 16797]]}",{}
12,NC00962.3,AMI-0.05-0.9-0.1,0.0,GARC1,RUS,AMI,rrs@a514t,U,{},"{""proportion"": 0.0, ""confidence"": [0.0, 0.14463859126760936], ""p_value"": 1.0, ""contingency"": [[0, 16], [228, 16797]]}",{}
13,NC00962.3,AMI-0.05-0.9-0.1,0.0,GARC1,RUS,AMI,eis@1029_ins_c,U,{},"{""proportion"": 0.0, ""confidence"": [0.0, 0.40347862520270455], ""p_value"": 1.0, ""contingency"": [[0, 4], [228, 16797]]}",{}
14,NC00962.3,AMI-0.05-0.9-0.1,0.0,GARC1,RUS,AMI,eis@R106H,U,{},"{""proportion"": 0.03333333333333333, ""confidence"": [0.007471878764942303, 0.13640414215181698], ""p_value"": 1.0, ""contingency"": [[1, 29], [228, 16797]]}",{}
15,NC00962.3,AMI-0.05-0.9-0.1,0.0,GARC1,RUS,AMI,rrs@a906g,U,{},"{""proportion"": 0.0, ""confidence"": [0.0, 0.07795709805478195], ""p_value"": 0.407597011517492, ""contingency"": [[0, 32], [228, 16797]]}",{}
16,NC00962.3,AMI-0.05-0.9-0.1,0.0,GARC1,RUS,AMI,rrs@t-4g,U,{},"{""proportion"": 0.0, ""confidence"": [0.0, 0.07370939644250225], ""p_value"": 0.41547559564647235, ""contingency"": [[0, 34], [228, 16797]]}",{}
17,NC00962.3,AMI-0.05-0.9-0.1,0.0,GARC1,RUS,AMI,rrs@-58_ins_t,U,{},"{""proportion"": 0.0, ""confidence"": [0.0, 0.7301340512159458], ""p_value"": 1.0, ""contingency"": [[0, 1], [228, 16797]]}",{}
18,NC00962.3,AMI-0.05-0.9-0.1,0.0,GARC1,RUS,AMI,eis@P342L,U,{},"{""proportion"": 0.0, ""confidence"": [0.0, 0.3511165007651012], ""p_value"": 1.0, ""contingency"": [[0, 5], [228, 16797]]}",{}
19,NC00962.3,AMI-0.05-0.9-0.1,0.0,GARC1,RUS,AMI,eis@c-8a,U,{},"{""proportion"": 0.0, ""confidence"": [6.346774137609585e-18, 0.08533345148341674], ""p_value"": 0.4010517652911756, ""contingency"": [[0, 29], [228, 16797]]}",{}
21,NC00962.3,AMI-0.05-0.9-0.1,0.0,GARC1,RUS,AMI,eis@g-10c,U,{},"{""proportion"": 0.01694915254237288, ""confidence"": [0.0037903509958621736, 0.07246768338310745], ""p_value"": 0.37094986142415987, ""contingency"": [[1, 58], [228, 16797]]}",{}
22,NC00962.3,AMI-0.05-0.9-0.1,0.0,GARC1,RUS,AMI,rrs@g285a,U,{},"{""proportion"": 0.0, ""confidence"": [0.0, 0.7301340512159458], ""p_value"": 1.0, ""contingency"": [[0, 1], [228, 16797]]}",{}
23,NC00962.3,AMI-0.05-0.9-0.1,0.0,GARC1,RUS,AMI,rrs@g891a,U,{},"{""proportion"": 0.0, ""confidence"": [0.0, 0.31078398130591417], ""p_value"": 1.0, ""contingency"": [[0, 6], [228, 16797]]}",{}
24,NC00962.3,AMI-0.05-0.9-0.1,0.0,GARC1,RUS,AMI,rrs@g1135t,U,{},"{""proportion"": 0.0, ""confidence"": [0.0, 0.7301340512159458], ""p_value"": 1.0, ""contingency"": [[0, 1], [228, 16797]]}",{}
25,NC00962.3,AMI-0.05-0.9-0.1,0.0,GARC1,RUS,AMI,rrs@a659g,U,{},"{""proportion"": 0.0, ""confidence"": [0.0, 0.5749693909936535], ""p_value"": 1.0, ""contingency"": [[0, 2], [228, 16797]]}",{}
26,NC00962.3,AMI-0.05-0.9-0.1,0.0,GARC1,RUS,AMI,rrs@t1239c,U,{},"{""proportion"": 0.0, ""confidence"": [0.0, 0.5749693909936535], ""p_value"": 1.0, ""contingency"": [[0, 2], [228, 16797]]}",{}
27,NC00962.3,AMI-0.05-0.9-0.1,0.0,GARC1,RUS,AMI,eis@P114S,U,{},"{""proportion"": 0.0, ""confidence"": [0.0, 0.7301340512159458], ""p_value"": 1.0, ""contingency"": [[0, 1], [228, 16797]]}",{}
28,NC00962.3,AMI-0.05-0.9-0.1,0.0,GARC1,RUS,AMI,rrs@c905a,U,{},"{""proportion"": 0.0, ""confidence"": [0.0, 0.25272359742376316], ""p_value"": 1.0, ""contingency"": [[0, 8], [228, 16797]]}",{}
29,NC00962.3,AMI-0.05-0.9-0.1,0.0,GARC1,RUS,AMI,rrs@c594t,U,{},"{""proportion"": 0.0, ""confidence"": [0.0, 0.7301340512159458], ""p_value"": 1.0, ""contingency"": [[0, 1], [228, 16797]]}",{}
30,NC00962.3,AMI-0.05-0.9-0.1,0.0,GARC1,RUS,AMI,rrs@c-69t,U,{},"{""proportion"": 0.0, ""confidence"": [0.0, 0.5749693909936535], ""p_value"": 1.0, ""contingency"": [[0, 2], [228, 16797]]}",{}
31,NC00962.3,AMI-0.05-0.9-0.1,0.0,GARC1,RUS,AMI,rrs@c1153t,U,{},"{""proportion"": 0.0, ""confidence"": [0.0, 0.278762695452542], ""p_value"": 1.0, ""contingency"": [[0, 7], [228, 16797]]}",{}
32,NC00962.3,AMI-0.05-0.9-0.1,0.0,GARC1,RUS,AMI,eis@A86V,U,{},"{""proportion"": 0.0, ""confidence"": [0.0, 0.40347862520270455], ""p_value"": 1.0, ""contingency"": [[0, 4], [228, 16797]]}",{}
33,NC00962.3,AMI-0.05-0.9-0.1,0.0,GARC1,RUS,AMI,rrs@g5t,U,{},"{""proportion"": 0.125, ""confidence"": [0.028399323737810202, 0.41114337433001213], ""p_value"": 0.33657956871093747, ""contingency"": [[1, 7], [228, 16797]]}",{}
34,NC00962.3,AMI-0.05-0.9-0.1,0.0,GARC1,RUS,AMI,rrs@a1058g,U,{},"{""proportion"": 0.0, ""confidence"": [0.0, 0.7301340512159458], ""p_value"": 1.0, ""contingency"": [[0, 1], [228, 16797]]}",{}
35,NC00962.3,AMI-0.05-0.9-0.1,0.0,GARC1,RUS,AMI,rrs@a1449g,U,{},"{""proportion"": 0.0, ""confidence"": [0.0, 0.40347862520270455], ""p_value"": 1.0, ""contingency"": [[0, 4], [228, 16797]]}",{}
36,NC00962.3,AMI-0.05-0.9-0.1,0.0,GARC1,RUS,AMI,rrs@g1285a,U,{},"{""proportion"": 0.0, ""confidence"": [0.0, 0.4741955741575127], ""p_value"": 1.0, ""contingency"": [[0, 3], [228, 16797]]}",{}
37,NC00962.3,AMI-0.05-0.9-0.1,0.0,GARC1,RUS,AMI,rrs@c-82t,U,{},"{""proportion"": 0.0, ""confidence"": [0.0, 0.7301340512159458], ""p_value"": 1.0, ""contingency"": [[0, 1], [228, 16797]]}",{}
38,NC00962.3,AMI-0.05-0.9-0.1,0.0,GARC1,RUS,AMI,eis@P30H,U,{},"{""proportion"": 0.0, ""confidence"": [0.0, 0.4741955741575127], ""p_value"": 1.0, ""contingency"": [[0, 3], [228, 16797]]}",{}
39,NC00962.3,AMI-0.05-0.9-0.1,0.0,GARC1,RUS,AMI,rrs@g1016c,U,{},"{""proportion"": 0.0, ""confidence"": [0.0, 0.7301340512159458], ""p_value"": 1.0, ""contingency"": [[0, 1], [228, 16797]]}",{}
40,NC00962.3,AMI-0.05-0.9-0.1,0.0,GARC1,RUS,AMI,rrs@c306t,U,{},"{""proportion"": 0.0, ""confidence"": [0.0, 0.7301340512159458], ""p_value"": 1.0, ""contingency"": [[0, 1], [228, 16797]]}",{}
41,NC00962.3,AMI-0.05-0.9-0.1,0.0,GARC1,RUS,AMI,rrs@c1259g,U,{},"{""proportion"": 0.0, ""confidence"": [0.0, 0.7301340512159458], ""p_value"": 1.0, ""contingency"": [[0, 1], [228, 16797]]}",{}
43,NC00962.3,AMI-0.05-0.9-0.1,0.0,GARC1,RUS,AMI,rrs@480_ins_t,U,{},"{""proportion"": 0.0, ""confidence"": [0.0, 0.7301340512159458], ""p_value"": 1.0, ""contingency"": [[0, 1], [228, 16797]]}",{}
44,NC00962.3,AMI-0.05-0.9-0.1,0.0,GARC1,RUS,AMI,rrs@159_ins_t,U,{},"{""proportion"": 0.0, ""confidence"": [0.0, 0.5749693909936535], ""p_value"": 1.0, ""contingency"": [[0, 2], [228, 16797]]}",{}
45,NC00962.3,AMI-0.05-0.9-0.1,0.0,GARC1,RUS,AMI,eis@E348D,U,{},"{""proportion"": 0.0, ""confidence"": [0.0, 0.5749693909936535], ""p_value"": 1.0, ""contingency"": [[0, 2], [228, 16797]]}",{}
46,NC00962.3,AMI-0.05-0.9-0.1,0.0,GARC1,RUS,AMI,eis@A338T,U,{},"{""proportion"": 0.0, ""confidence"": [0.0, 0.7301340512159458], ""p_value"": 1.0, ""contingency"": [[0, 1], [228, 16797]]}",{}
47,NC00962.3,AMI-0.05-0.9-0.1,0.0,GARC1,RUS,AMI,rrs@t-67c,U,{},"{""proportion"": 0.0, ""confidence"": [0.0, 0.7301340512159458], ""p_value"": 1.0, ""contingency"": [[0, 1], [228, 16797]]}",{}
48,NC00962.3,AMI-0.05-0.9-0.1,0.0,GARC1,RUS,AMI,eis@W182!,U,{},"{""proportion"": 0.0, ""confidence"": [0.0, 0.7301340512159458], ""p_value"": 1.0, ""contingency"": [[0, 1], [228, 16797]]}",{}
49,NC00962.3,AMI-0.05-0.9-0.1,0.0,GARC1,RUS,AMI,eis@t-67a,U,{},"{""proportion"": 0.0, ""confidence"": [0.0, 0.31078398130591417], ""p_value"": 1.0, ""contingency"": [[0, 6], [228, 16797]]}",{}
50,NC00962.3,AMI-0.05-0.9-0.1,0.0,GARC1,RUS,AMI,rrs@t603c,U,{},"{""proportion"": 0.0, ""confidence"": [0.0, 0.7301340512159458], ""p_value"": 1.0, ""contingency"": [[0, 1], [228, 16797]]}",{}
51,NC00962.3,AMI-0.05-0.9-0.1,0.0,GARC1,RUS,AMI,eis@A62V,U,{},"{""proportion"": 0.0, ""confidence"": [0.0, 0.7301340512159458], ""p_value"": 1.0, ""contingency"": [[0, 1], [228, 16797]]}",{}
52,NC00962.3,AMI-0.05-0.9-0.1,0.0,GARC1,RUS,AMI,rrs@c1390g,U,{},"{""proportion"": 0.0, ""confidence"": [0.0, 0.7301340512159458], ""p_value"": 1.0, ""contingency"": [[0, 1], [228, 16797]]}",{}
53,NC00962.3,AMI-0.05-0.9-0.1,0.0,GARC1,RUS,AMI,rrs@c1141t,U,{},"{""proportion"": 0.0, ""confidence"": [-2.1340331742842984e-17, 0.2311335193197566], ""p_value"": 1.0, ""contingency"": [[0, 9], [228, 16797]]}",{}
54,NC00962.3,AMI-0.05-0.9-0.1,0.0,GARC1,RUS,AMI,eis@L140V,U,{},"{""proportion"": 0.0, ""confidence"": [0.0, 0.5749693909936535], ""p_value"": 1.0, ""contingency"": [[0, 2], [228, 16797]]}",{}
55,NC00962.3,AMI-0.05-0.9-0.1,0.0,GARC1,RUS,AMI,eis@R376C,U,{},"{""proportion"": 0.0, ""confidence"": [0.0, 0.7301340512159458], ""p_value"": 1.0, ""contingency"": [[0, 1], [228, 16797]]}",{}
56,NC00962.3,AMI-0.05-0.9-0.1,0.0,GARC1,RUS,AMI,rrs@c344t,U,{},"{""proportion"": 0.0, ""confidence"": [0.0, 0.7301340512159458], ""p_value"": 1.0, ""contingency"": [[0, 1], [228, 16797]]}",{}
57,NC00962.3,AMI-0.05-0.9-0.1,0.0,GARC1,RUS,AMI,eis@G188A,U,{},"{""proportion"": 0.0, ""confidence"": [0.0, 0.5749693909936535], ""p_value"": 1.0, ""contingency"": [[0, 2], [228, 16797]]}",{}
58,NC00962.3,AMI-0.05-0.9-0.1,0.0,GARC1,RUS,AMI,rrs@255_ins_g,U,{},"{""proportion"": 0.0, ""confidence"": [0.0, 0.5749693909936535], ""p_value"": 1.0, ""contingency"": [[0, 2], [228, 16797]]}",{}
60,NC00962.3,AMI-0.05-0.9-0.1,0.0,GARC1,RUS,AMI,eis@A370V,U,{},"{""proportion"": 0.0, ""confidence"": [0.0, 0.5749693909936535], ""p_value"": 1.0, ""contingency"": [[0, 2], [228, 16797]]}",{}
62,NC00962.3,AMI-0.05-0.9-0.1,0.0,GARC1,RUS,AMI,rrs@c650t,U,{},"{""proportion"": 0.0, ""confidence"": [0.0, 0.7301340512159458], ""p_value"": 1.0, ""contingency"": [[0, 1], [228, 16797]]}",{}
63,NC00962.3,AMI-0.05-0.9-0.1,0.0,GARC1,RUS,AMI,rrs@a908c,U,{},"{""proportion"": 0.0, ""confidence"": [0.0, 0.1839811947474769], ""p_value"": 1.0, ""contingency"": [[0, 12], [228, 16797]]}",{}
64,NC00962.3,AMI-0.05-0.9-0.1,0.0,GARC1,RUS,AMI,rrs@g122c,U,{},"{""proportion"": 0.0, ""confidence"": [0.0, 0.7301340512159458], ""p_value"": 1.0, ""contingency"": [[0, 1], [228, 16797]]}",{}
66,NC00962.3,AMI-0.05-0.9-0.1,0.0,GARC1,RUS,AMI,eis@t-66g,U,{},"{""proportion"": 0.0, ""confidence"": [0.0, 0.5749693909936535], ""p_value"": 1.0, ""contingency"": [[0, 2], [228, 16797]]}",{}
67,NC00962.3,AMI-0.05-0.9-0.1,0.0,GARC1,RUS,AMI,rrs@a447g,U,{},"{""proportion"": 0.0, ""confidence"": [0.0, 0.7301340512159458], ""p_value"": 1.0, ""contingency"": [[0, 1], [228, 16797]]}",{}
68,NC00962.3,AMI-0.05-0.9-0.1,0.0,GARC1,RUS,AMI,rrs@c859t,U,{},"{""proportion"": 0.0, ""confidence"": [0.0, 0.7301340512159458], ""p_value"": 1.0, ""contingency"": [[0, 1], [228, 16797]]}",{}
69,NC00962.3,AMI-0.05-0.9-0.1,0.0,GARC1,RUS,AMI,rrs@g-65a,U,{},"{""proportion"": 0.0, ""confidence"": [0.0, 0.278762695452542], ""p_value"": 1.0, ""contingency"": [[0, 7], [228, 16797]]}",{}
70,NC00962.3,AMI-0.05-0.9-0.1,0.0,GARC1,RUS,AMI,rrs@-81_ins_g,U,{},"{""proportion"": 0.0, ""confidence"": [0.0, 0.5749693909936535], ""p_value"": 1.0, ""contingency"": [[0, 2], [228, 16797]]}",{}
71,NC00962.3,AMI-0.05-0.9-0.1,0.0,GARC1,RUS,AMI,rrs@g259a,U,{},"{""proportion"": 0.0, ""confidence"": [0.0, 0.7301340512159458], ""p_value"": 1.0, ""contingency"": [[0, 1], [228, 16797]]}",{}
72,NC00962.3,AMI-0.05-0.9-0.1,0.0,GARC1,RUS,AMI,eis@T282I,U,{},"{""proportion"": 0.0, ""confidence"": [0.0, 0.7301340512159458], ""p_value"": 1.0, ""contingency"": [[0, 1], [228, 16797]]}",{}
73,NC00962.3,AMI-0.05-0.9-0.1,0.0,GARC1,RUS,AMI,eis@A22G,U,{},"{""proportion"": 0.0, ""confidence"": [0.0, 0.5749693909936535], ""p_value"": 1.0, ""contingency"": [[0, 2], [228, 16797]]}",{}
74,NC00962.3,AMI-0.05-0.9-0.1,0.0,GARC1,RUS,AMI,eis@675_del_gtaccgggtggatcgcaccgatctcaagctagcgcgcgtcagcgaactcagggcggtaaccgcagatgcgcattgtgcgttgtggcgggccctgattggcctcgactccatggagcgaatcagcatcatcacccatccacaggacccgttaccccacctgctcaccgatacccgactggcccgcactacctggcgccaggacggcctgtggttgcgcatcatgaacgtaccggccgcactcgaggcgcgtggttacgctcacgaagttggcgagttttccacggtcctcgaggtatccgatggcggccggttcgcgctcaagatcggtgacggccgtgcgcggtgtaccccgaccgatgcggcagccgagatcgaaatggatcgggacgtactgggcagcctttaccttggagcgcaccgcgct,U,{},"{""proportion"": 0.0, ""confidence"": [0.0, 0.7301340512159458], ""p_value"": 1.0, ""contingency"": [[0, 1], [228, 16797]]}",{}
75,NC00962.3,AMI-0.05-0.9-0.1,0.0,GARC1,RUS,AMI,rrs@a842g,U,{},"{""proportion"": 0.0, ""confidence"": [0.0, 0.7301340512159458], ""p_value"": 1.0, ""contingency"": [[0, 1], [228, 16797]]}",{}
76,NC00962.3,AMI-0.05-0.9-0.1,0.0,GARC1,RUS,AMI,rrs@c1443g,U,{},"{""proportion"": 0.0, ""confidence"": [0.0, 0.12464757953733377], ""p_value"": 1.0, ""contingency"": [[0, 19], [228, 16797]]}",{}
77,NC00962.3,AMI-0.05-0.9-0.1,0.0,GARC1,RUS,AMI,rrs@c708t,U,{},"{""proportion"": 0.0, ""confidence"": [0.0, 0.4741955741575127], ""p_value"": 1.0, ""contingency"": [[0, 3], [228, 16797]]}",{}
78,NC00962.3,AMI-0.05-0.9-0.1,0.0,GARC1,RUS,AMI,eis@H249R,U,{},"{""proportion"": 0.0, ""confidence"": [0.0, 0.7301340512159458], ""p_value"": 1.0, ""contingency"": [[0, 1], [228, 16797]]}",{}
79,NC00962.3,AMI-0.05-0.9-0.1,0.0,GARC1,RUS,AMI,eis@-99_del_acgctggcggggctacccgcatcgcgtgatcctttgccagacactgtcgtcgtaatattcacgtgcacgtggccgcggcatatgccacagtcggattctgtgactgtgaccctgtgtagcccgaccgaggacgactggccggggatgttcctactggccgcggccagtttcaccgatttcatcggccctgaatcagcgaccgcctggcggaccctggtgcccaccgacggagcggtggtggtccgcgatggtgccggcccgggttctgaggtggtcgggatggcgctgtacatggatctgcggttgacggtgcctggtgaagtggtgctcccgaccgccggtctcagtttcgtcgcggtggcgccgacgcatcgccggcgcggcttgctgcgcgcgatgtgcgccgaactgcaccgccgcatagccgattccggctatccggtcgcggcactgcatgctagcgagggcggcatctacggccggttcggctacgggcccgctaccaccttgcatgagctgacggtcgaccgacgcttcgcgcgctttcacgccgacgcaccgggcggcggcctaggtggcagcagcgtccggttggtcagacccaccgagcatcgcggcgagtttgaggcgatctacgagcgatggcgccagcaggtgccgggcgggctgctacgcccgcaggtgctctgggacgagctgctggcagaatgcaaagccgcgcccggtggagaccgtgaatcgttcgcgttactgcatcccgacgggtacgcgctgtaccgggtggatcgcaccgatctcaagctagcgcgcgtcagcgaactcagggcggtaaccgcagatgcgcattgtgcgttgtggcgggccctgattggcctcgactccatggagcgaatcagcatcatcacccatccacaggacccgttaccccacctgctcaccgatacccgactggcccgcactacctggcgccaggacggcctgtggttgcgcatcatgaacgtaccggccgcactcgaggcgcgtggttacgctcacgaagttggcgagttttccacggtcctcgaggtatccgatggcggccggttcgcgctcaagatcggtgacggccgtgcgcggtgtaccccgaccgatgcggcagccgagatcgaaatggatcgggacgtactgggcagcctttaccttggagcgcaccgcgcttcgacgttagccgccgctaaccggttgcgcaccaaagattcccagctgcttcgtcgactcgacgcggcgtttgccagtgatgttcccgtccagaccgcgttcgagttctg,U,{},"{""proportion"": 0.0, ""confidence"": [0.0, 0.1839811947474769], ""p_value"": 1.0, ""contingency"": [[0, 12], [228, 16797]]}",{}
80,NC00962.3,AMI-0.05-0.9-0.1,0.0,GARC1,RUS,AMI,rrs@g-68t,U,{},"{""proportion"": 0.0, ""confidence"": [0.0, 0.7301340512159458], ""p_value"": 1.0, ""contingency"": [[0, 1], [228, 16797]]}",{}
81,NC00962.3,AMI-0.05-0.9-0.1,0.0,GARC1,RUS,AMI,rrs@t23g,U,{},"{""proportion"": 0.0, ""confidence"": [0.0, 0.3511165007651012], ""p_value"": 1.0, ""contingency"": [[0, 5], [228, 16797]]}",{}
82,NC00962.3,AMI-0.05-0.9-0.1,0.0,GARC1,RUS,AMI,eis@c-15g,U,{},"{""proportion"": 0.0, ""confidence"": [0.0, 0.11915783736096446], ""p_value"": 0.6226463974646921, ""contingency"": [[0, 20], [228, 16797]]}",{}
83,NC00962.3,AMI-0.05-0.9-0.1,0.0,GARC1,RUS,AMI,rrs@t-52g,U,{},"{""proportion"": 0.0, ""confidence"": [0.0, 0.7301340512159458], ""p_value"": 1.0, ""contingency"": [[0, 1], [228, 16797]]}",{}
84,NC00962.3,AMI-0.05-0.9-0.1,0.0,GARC1,RUS,AMI,rrs@t1491a,U,{},"{""proportion"": 0.25, ""confidence"": [0.05790732119985871, 0.6438319914014936], ""p_value"": 0.18549374999999999, ""contingency"": [[1, 3], [228, 16797]]}",{}
85,NC00962.3,AMI-0.05-0.9-0.1,0.0,GARC1,RUS,AMI,eis@W36R,U,{},"{""proportion"": 0.0, ""confidence"": [0.0, 0.7301340512159458], ""p_value"": 1.0, ""contingency"": [[0, 1], [228, 16797]]}",{}
86,NC00962.3,AMI-0.05-0.9-0.1,0.0,GARC1,RUS,AMI,eis@c-8t,U,{},"{""proportion"": 0.25, ""confidence"": [0.05790732119985871, 0.6438319914014936], ""p_value"": 0.18549374999999999, ""contingency"": [[1, 3], [228, 16797]]}",{}
87,NC00962.3,AMI-0.05-0.9-0.1,0.0,GARC1,RUS,AMI,eis@-8_del_c,U,{},"{""proportion"": 0.125, ""confidence"": [0.028399323737810202, 0.41114337433001213], ""p_value"": 0.33657956871093747, ""contingency"": [[1, 7], [228, 16797]]}",{}
88,NC00962.3,AMI-0.05-0.9-0.1,0.0,GARC1,RUS,AMI,rrs@a89g,U,{},"{""proportion"": 0.0, ""confidence"": [0.0, 0.7301340512159458], ""p_value"": 1.0, ""contingency"": [[0, 1], [228, 16797]]}",{}
89,NC00962.3,AMI-0.05-0.9-0.1,0.0,GARC1,RUS,AMI,rrs@a504g,U,{},"{""proportion"": 0.0, ""confidence"": [0.0, 0.7301340512159458], ""p_value"": 1.0, ""contingency"": [[0, 1], [228, 16797]]}",{}
90,NC00962.3,AMI-0.05-0.9-0.1,0.0,GARC1,RUS,AMI,rrs@t17g,U,{},"{""proportion"": 0.0, ""confidence"": [0.0, 0.172266783508845], ""p_value"": 1.0, ""contingency"": [[0, 13], [228, 16797]]}",{}
91,NC00962.3,AMI-0.05-0.9-0.1,0.0,GARC1,RUS,AMI,rrs@c307t,U,{},"{""proportion"": 0.0, ""confidence"": [0.0, 0.7301340512159458], ""p_value"": 1.0, ""contingency"": [[0, 1], [228, 16797]]}",{}
92,NC00962.3,AMI-0.05-0.9-0.1,0.0,GARC1,RUS,AMI,rrs@g204a,U,{},"{""proportion"": 0.0, ""confidence"": [0.0, 0.5749693909936535], ""p_value"": 1.0, ""contingency"": [[0, 2], [228, 16797]]}",{}
93,NC00962.3,AMI-0.05-0.9-0.1,0.0,GARC1,RUS,AMI,eis@g-6t,U,{},"{""proportion"": 0.0, ""confidence"": [0.0, 0.3511165007651012], ""p_value"": 1.0, ""contingency"": [[0, 5], [228, 16797]]}",{}
94,NC00962.3,AMI-0.05-0.9-0.1,0.0,GARC1,RUS,AMI,rrs@a908g,U,{},"{""proportion"": 0.0, ""confidence"": [0.0, 0.40347862520270455], ""p_value"": 1.0, ""contingency"": [[0, 4], [228, 16797]]}",{}
95,NC00962.3,AMI-0.05-0.9-0.1,0.0,GARC1,RUS,AMI,rrs@c799a,U,{},"{""proportion"": 0.0, ""confidence"": [0.0, 0.7301340512159458], ""p_value"": 1.0, ""contingency"": [[0, 1], [228, 16797]]}",{}
96,NC00962.3,AMI-0.05-0.9-0.1,0.0,GARC1,RUS,AMI,eis@A304V,U,{},"{""proportion"": 0.0, ""confidence"": [0.0, 0.40347862520270455], ""p_value"": 1.0, ""contingency"": [[0, 4], [228, 16797]]}",{}
97,NC00962.3,AMI-0.05-0.9-0.1,0.0,GARC1,RUS,AMI,rrs@a32g,U,{},"{""proportion"": 0.0, ""confidence"": [0.0, 0.7301340512159458], ""p_value"": 1.0, ""contingency"": [[0, 1], [228, 16797]]}",{}
98,NC00962.3,AMI-0.05-0.9-0.1,0.0,GARC1,RUS,AMI,rrs@a1482g,U,{},"{""proportion"": 0.0, ""confidence"": [0.0, 0.7301340512159458], ""p_value"": 1.0, ""contingency"": [[0, 1], [228, 16797]]}",{}
99,NC00962.3,AMI-0.05-0.9-0.1,0.0,GARC1,RUS,AMI,rrs@c1021t,U,{},"{""proportion"": 0.0, ""confidence"": [0.0, 0.21294197008340696], ""p_value"": 1.0, ""contingency"": [[0, 10], [228, 16797]]}",{}
100,NC00962.3,AMI-0.05-0.9-0.1,0.0,GARC1,RUS,AMI,eis@a-61c,U,{},"{""proportion"": 0.0, ""confidence"": [0.0, 0.7301340512159458], ""p_value"": 1.0, ""contingency"": [[0, 1], [228, 16797]]}",{}
101,NC00962.3,AMI-0.05-0.9-0.1,0.0,GARC1,RUS,AMI,eis@L375S,U,{},"{""proportion"": 0.0, ""confidence"": [0.0, 0.7301340512159458], ""p_value"": 1.0, ""contingency"": [[0, 1], [228, 16797]]}",{}
102,NC00962.3,AMI-0.05-0.9-0.1,0.0,GARC1,RUS,AMI,rrs@t-32g,U,{},"{""proportion"": 0.0, ""confidence"": [0.0, 0.4741955741575127], ""p_value"": 1.0, ""contingency"": [[0, 3], [228, 16797]]}",{}
103,NC00962.3,AMI-0.05-0.9-0.1,0.0,GARC1,RUS,AMI,eis@g-23c,U,{},"{""proportion"": 0.0, ""confidence"": [0.0, 0.7301340512159458], ""p_value"": 1.0, ""contingency"": [[0, 1], [228, 16797]]}",{}
104,NC00962.3,AMI-0.05-0.9-0.1,0.0,GARC1,RUS,AMI,rrs@a1012g,U,{},"{""proportion"": 0.0, ""confidence"": [0.0, 0.7301340512159458], ""p_value"": 1.0, ""contingency"": [[0, 1], [228, 16797]]}",{}
105,NC00962.3,AMI-0.05-0.9-0.1,0.0,GARC1,RUS,AMI,rrs@g691t,U,{},"{""proportion"": 0.0, ""confidence"": [0.0, 0.7301340512159458], ""p_value"": 1.0, ""contingency"": [[0, 1], [228, 16797]]}",{}
106,NC00962.3,AMI-0.05-0.9-0.1,0.0,GARC1,RUS,AMI,eis@G258S,U,{},"{""proportion"": 0.0, ""confidence"": [0.0, 0.7301340512159458], ""p_value"": 1.0, ""contingency"": [[0, 1], [228, 16797]]}",{}
107,NC00962.3,AMI-0.05-0.9-0.1,0.0,GARC1,RUS,AMI,rrs@g1460a,U,{},"{""proportion"": 0.0, ""confidence"": [0.0, 0.7301340512159458], ""p_value"": 1.0, ""contingency"": [[0, 1], [228, 16797]]}",{}
108,NC00962.3,AMI-0.05-0.9-0.1,0.0,GARC1,RUS,AMI,eis@F129L,U,{},"{""proportion"": 0.0, ""confidence"": [0.0, 0.7301340512159458], ""p_value"": 1.0, ""contingency"": [[0, 1], [228, 16797]]}",{}
109,NC00962.3,AMI-0.05-0.9-0.1,0.0,GARC1,RUS,AMI,eis@M351V,U,{},"{""proportion"": 0.0, ""confidence"": [0.0, 0.7301340512159458], ""p_value"": 1.0, ""contingency"": [[0, 1], [228, 16797]]}",{}
110,NC00962.3,AMI-0.05-0.9-0.1,0.0,GARC1,RUS,AMI,eis@V301I,U,{},"{""proportion"": 0.0, ""confidence"": [0.0, 0.3511165007651012], ""p_value"": 1.0, ""contingency"": [[0, 5], [228, 16797]]}",{}
111,NC00962.3,AMI-0.05-0.9-0.1,0.0,GARC1,RUS,AMI,rrs@a170g,U,{},"{""proportion"": 0.0, ""confidence"": [0.0, 0.7301340512159458], ""p_value"": 1.0, ""contingency"": [[0, 1], [228, 16797]]}",{}
112,NC00962.3,AMI-0.05-0.9-0.1,0.0,GARC1,RUS,AMI,eis@c-21t,U,{},"{""proportion"": 0.0, ""confidence"": [0.0, 0.7301340512159458], ""p_value"": 1.0, ""contingency"": [[0, 1], [228, 16797]]}",{}
113,NC00962.3,AMI-0.05-0.9-0.1,0.0,GARC1,RUS,AMI,rrs@a1278g,U,{},"{""proportion"": 0.0, ""confidence"": [0.0, 0.40347862520270455], ""p_value"": 1.0, ""contingency"": [[0, 4], [228, 16797]]}",{}
114,NC00962.3,AMI-0.05-0.9-0.1,0.0,GARC1,RUS,AMI,eis@S23G,U,{},"{""proportion"": 0.0, ""confidence"": [0.0, 0.7301340512159458], ""p_value"": 1.0, ""contingency"": [[0, 1], [228, 16797]]}",{}
115,NC00962.3,AMI-0.05-0.9-0.1,0.0,GARC1,RUS,AMI,rrs@g415a,U,{},"{""proportion"": 0.0, ""confidence"": [0.0, 0.7301340512159458], ""p_value"": 1.0, ""contingency"": [[0, 1], [228, 16797]]}",{}
116,NC00962.3,AMI-0.05-0.9-0.1,0.0,GARC1,RUS,AMI,eis@945_del_cgag,U,{},"{""proportion"": 0.0, ""confidence"": [0.0, 0.7301340512159458], ""p_value"": 1.0, ""contingency"": [[0, 1], [228, 16797]]}",{}
117,NC00962.3,AMI-0.05-0.9-0.1,0.0,GARC1,RUS,AMI,rrs@a1147c,U,{},"{""proportion"": 0.0, ""confidence"": [0.0, 0.7301340512159458], ""p_value"": 1.0, ""contingency"": [[0, 1], [228, 16797]]}",{}
118,NC00962.3,AMI-0.05-0.9-0.1,0.0,GARC1,RUS,AMI,rrs@g878a,U,{},"{""proportion"": 0.0, ""confidence"": [-6.453860564880636e-18, 0.06990067087687772], ""p_value"": 0.26145801574707406, ""contingency"": [[0, 36], [228, 16797]]}",{}
119,NC00962.3,AMI-0.05-0.9-0.1,0.0,GARC1,RUS,AMI,rrs@c1257g,U,{},"{""proportion"": 0.0, ""confidence"": [0.0, 0.7301340512159458], ""p_value"": 1.0, ""contingency"": [[0, 1], [228, 16797]]}",{}
120,NC00962.3,AMI-0.05-0.9-0.1,0.0,GARC1,RUS,AMI,eis@D352G,U,{},"{""proportion"": 0.0, ""confidence"": [0.0, 0.7301340512159458], ""p_value"": 1.0, ""contingency"": [[0, 1], [228, 16797]]}",{}
121,NC00962.3,AMI-0.05-0.9-0.1,0.0,GARC1,RUS,AMI,eis@E313D,U,{},"{""proportion"": 0.0, ""confidence"": [0.0, 0.5749693909936535], ""p_value"": 1.0, ""contingency"": [[0, 2], [228, 16797]]}",{}
122,NC00962.3,AMI-0.05-0.9-0.1,0.0,GARC1,RUS,AMI,rrs@t1109c,U,{},"{""proportion"": 0.0, ""confidence"": [0.0, 0.5749693909936535], ""p_value"": 1.0, ""contingency"": [[0, 2], [228, 16797]]}",{}
123,NC00962.3,AMI-0.05-0.9-0.1,0.0,GARC1,RUS,AMI,rrs@a613c,U,{},"{""proportion"": 0.0, ""confidence"": [0.0, 0.7301340512159458], ""p_value"": 1.0, ""contingency"": [[0, 1], [228, 16797]]}",{}
124,NC00962.3,AMI-0.05-0.9-0.1,0.0,GARC1,RUS,AMI,rrs@c1283t,U,{},"{""proportion"": 0.0, ""confidence"": [0.0, 0.5749693909936535], ""p_value"": 1.0, ""contingency"": [[0, 2], [228, 16797]]}",{}
125,NC00962.3,AMI-0.05-0.9-0.1,0.0,GARC1,RUS,AMI,eis@A21E,U,{},"{""proportion"": 0.0, ""confidence"": [0.0, 0.5749693909936535], ""p_value"": 1.0, ""contingency"": [[0, 2], [228, 16797]]}",{}
126,NC00962.3,AMI-0.05-0.9-0.1,0.0,GARC1,RUS,AMI,rrs@t1164a,U,{},"{""proportion"": 0.0, ""confidence"": [0.0, 0.5749693909936535], ""p_value"": 1.0, ""contingency"": [[0, 2], [228, 16797]]}",{}
127,NC00962.3,AMI-0.05-0.9-0.1,0.0,GARC1,RUS,AMI,eis@D26Y,U,{},"{""proportion"": 0.0, ""confidence"": [0.0, 0.7301340512159458], ""p_value"": 1.0, ""contingency"": [[0, 1], [228, 16797]]}",{}
128,NC00962.3,AMI-0.05-0.9-0.1,0.0,GARC1,RUS,AMI,eis@c-69t,U,{},"{""proportion"": 0.0, ""confidence"": [0.0, 0.5749693909936535], ""p_value"": 1.0, ""contingency"": [[0, 2], [228, 16797]]}",{}
129,NC00962.3,AMI-0.05-0.9-0.1,0.0,GARC1,RUS,AMI,rrs@t1203c,U,{},"{""proportion"": 0.0, ""confidence"": [0.0, 0.7301340512159458], ""p_value"": 1.0, ""contingency"": [[0, 1], [228, 16797]]}",{}
130,NC00962.3,AMI-0.05-0.9-0.1,0.0,GARC1,RUS,AMI,rrs@g1176a,U,{},"{""proportion"": 0.0, ""confidence"": [-2.1340331742842984e-17, 0.2311335193197566], ""p_value"": 1.0, ""contingency"": [[0, 9], [228, 16797]]}",{}
131,NC00962.3,AMI-0.05-0.9-0.1,0.0,GARC1,RUS,AMI,eis@L77P,U,{},"{""proportion"": 0.0, ""confidence"": [0.0, 0.7301340512159458], ""p_value"": 1.0, ""contingency"": [[0, 1], [228, 16797]]}",{}
132,NC00962.3,AMI-0.05-0.9-0.1,0.0,GARC1,RUS,AMI,eis@222_del_agtggtgctcccgaccgccggtctcagtttcgtcgcggtggcgccgacgcatcgccggcgcggcttgctgcgcgcgatgtgcgccgaactgcaccgccgcatagccgattccggctatccggtcgcggcactgcatgctagcgagggcggcatctacggccggttcggctacgggcccgctaccaccttgcatgagctgacggtcgaccgacgcttcgcgcgctttcacgccgacgcaccgggcggcggcctaggtggcagcagcgtccggttggtcagacccaccgagcatcgcggcgagtttgaggcgatctacgagcgatggcgccagcaggtgccgggcgggctgctacgcccgcaggtgctctgggacgagctgctggcagaatgcaaagccgcgcccggtggagaccgtgaatcgttcgcgttactgcatcccgacgggtacgcgctgtaccgggtggatcgcaccgatctcaagctagcgcgcgtcagcgaactcagggcggtaaccgcagatgcgcattgtgcgttgtggcgggccctgattggcctcgactccatggagcgaatcagcatcatcacccatccacaggacccgttaccccacctgctcaccgatacccgactggcccgcactacctggcgccaggacggcctgtggttgcgcatcatgaacgtaccggccgcactcgaggcgcgtggttacgctcacgaagttggcgagttttccacggtcctcgaggtatccgatggcggccggttcgcgctcaagatcggtgacggccgtgcgcggtgtaccccgaccgatgcggcagccgagatcgaaatggatcgggacgtactgggcagcctttaccttggagcgcaccgcgcttcgacgttagccgccgctaaccggttgcgcaccaaagattcccagctgcttcgtcgactcgacgcggcgtttgccagtgatgttcccgtccagaccgcgttcgagttctga,U,{},"{""proportion"": 0.0, ""confidence"": [0.0, 0.7301340512159458], ""p_value"": 1.0, ""contingency"": [[0, 1], [228, 16797]]}",{}
133,NC00962.3,AMI-0.05-0.9-0.1,0.0,GARC1,RUS,AMI,rrs@-40_ins_a,U,{},"{""proportion"": 0.0, ""confidence"": [0.0, 0.4741955741575127], ""p_value"": 1.0, ""contingency"": [[0, 3], [228, 16797]]}",{}
134,NC00962.3,AMI-0.05-0.9-0.1,0.0,GARC1,RUS,AMI,eis@H270Q,U,{},"{""proportion"": 0.09090909090909091, ""confidence"": [0.020549531219243414, 0.3227818711330893], ""p_value"": 0.43119990772354, ""contingency"": [[1, 10], [228, 16797]]}",{}
135,NC00962.3,AMI-0.05-0.9-0.1,0.0,GARC1,RUS,AMI,rrs@t1289c,U,{},"{""proportion"": 0.0, ""confidence"": [0.0, 0.7301340512159458], ""p_value"": 1.0, ""contingency"": [[0, 1], [228, 16797]]}",{}
136,NC00962.3,AMI-0.05-0.9-0.1,0.0,GARC1,RUS,AMI,eis@L200V,U,{},"{""proportion"": 0.0, ""confidence"": [0.0, 0.7301340512159458], ""p_value"": 1.0, ""contingency"": [[0, 1], [228, 16797]]}",{}
137,NC00962.3,AMI-0.05-0.9-0.1,0.0,GARC1,RUS,AMI,eis@V394A,U,{},"{""proportion"": 0.0, ""confidence"": [0.0, 0.7301340512159458], ""p_value"": 1.0, ""contingency"": [[0, 1], [228, 16797]]}",{}
138,NC00962.3,AMI-0.05-0.9-0.1,0.0,GARC1,RUS,AMI,eis@P78S,U,{},"{""proportion"": 0.0, ""confidence"": [0.0, 0.7301340512159458], ""p_value"": 1.0, ""contingency"": [[0, 1], [228, 16797]]}",{}
139,NC00962.3,AMI-0.05-0.9-0.1,0.0,GARC1,RUS,AMI,rrs@1075_ins_t,U,{},"{""proportion"": 0.0, ""confidence"": [0.0, 0.4741955741575127], ""p_value"": 1.0, ""contingency"": [[0, 3], [228, 16797]]}",{}
140,NC00962.3,AMI-0.05-0.9-0.1,0.0,GARC1,RUS,AMI,rrs@a493g,U,{},"{""proportion"": 0.0, ""confidence"": [0.0, 0.7301340512159458], ""p_value"": 1.0, ""contingency"": [[0, 1], [228, 16797]]}",{}
142,NC00962.3,AMI-0.05-0.9-0.1,0.0,GARC1,RUS,AMI,rrs@c1346t,U,{},"{""proportion"": 0.0, ""confidence"": [0.0, 0.7301340512159458], ""p_value"": 1.0, ""contingency"": [[0, 1], [228, 16797]]}",{}
143,NC00962.3,AMI-0.05-0.9-0.1,0.0,GARC1,RUS,AMI,eis@S83T,U,{},"{""proportion"": 0.0, ""confidence"": [0.0, 0.7301340512159458], ""p_value"": 1.0, ""contingency"": [[0, 1], [228, 16797]]}",{}
144,NC00962.3,AMI-0.05-0.9-0.1,0.0,GARC1,RUS,AMI,eis@S56C,U,{},"{""proportion"": 0.0, ""confidence"": [0.0, 0.7301340512159458], ""p_value"": 1.0, ""contingency"": [[0, 1], [228, 16797]]}",{}
145,NC00962.3,AMI-0.05-0.9-0.1,0.0,GARC1,RUS,AMI,eis@P114L,U,{},"{""proportion"": 0.0, ""confidence"": [0.0, 0.7301340512159458], ""p_value"": 1.0, ""contingency"": [[0, 1], [228, 16797]]}",{}
146,NC00962.3,AMI-0.05-0.9-0.1,0.0,GARC1,RUS,AMI,rrs@g1523a,U,{},"{""proportion"": 0.0, ""confidence"": [0.0, 0.4741955741575127], ""p_value"": 1.0, ""contingency"": [[0, 3], [228, 16797]]}",{}
147,NC00962.3,AMI-0.05-0.9-0.1,0.0,GARC1,RUS,AMI,rrs@a1162c,U,{},"{""proportion"": 0.0, ""confidence"": [0.0, 0.7301340512159458], ""p_value"": 1.0, ""contingency"": [[0, 1], [228, 16797]]}",{}
148,NC00962.3,AMI-0.05-0.9-0.1,0.0,GARC1,RUS,AMI,rrs@a1244g,U,{},"{""proportion"": 0.0, ""confidence"": [0.0, 0.7301340512159458], ""p_value"": 1.0, ""contingency"": [[0, 1], [228, 16797]]}",{}
149,NC00962.3,AMI-0.05-0.9-0.1,0.0,GARC1,RUS,AMI,rrs@g1323t,U,{},"{""proportion"": 0.0, ""confidence"": [0.0, 0.3511165007651012], ""p_value"": 1.0, ""contingency"": [[0, 5], [228, 16797]]}",{}
150,NC00962.3,AMI-0.05-0.9-0.1,0.0,GARC1,RUS,AMI,eis@Q272!,U,{},"{""proportion"": 0.0, ""confidence"": [0.0, 0.5749693909936535], ""p_value"": 1.0, ""contingency"": [[0, 2], [228, 16797]]}",{}
151,NC00962.3,AMI-0.05-0.9-0.1,0.0,GARC1,RUS,AMI,rrs@c1503t,U,{},"{""proportion"": 0.0, ""confidence"": [0.0, 0.5749693909936535], ""p_value"": 1.0, ""contingency"": [[0, 2], [228, 16797]]}",{}
152,NC00962.3,AMI-0.05-0.9-0.1,0.0,GARC1,RUS,AMI,rrs@g424a,U,{},"{""proportion"": 0.0, ""confidence"": [0.0, 0.5749693909936535], ""p_value"": 1.0, ""contingency"": [[0, 2], [228, 16797]]}",{}
153,NC00962.3,AMI-0.05-0.9-0.1,0.0,GARC1,RUS,AMI,rrs@g673a,U,{},"{""proportion"": 0.0, ""confidence"": [0.0, 0.7301340512159458], ""p_value"": 1.0, ""contingency"": [[0, 1], [228, 16797]]}",{}
154,NC00962.3,AMI-0.05-0.9-0.1,0.0,GARC1,RUS,AMI,rrs@c247t,U,{},"{""proportion"": 0.0, ""confidence"": [0.0, 0.7301340512159458], ""p_value"": 1.0, ""contingency"": [[0, 1], [228, 16797]]}",{}
155,NC00962.3,AMI-0.05-0.9-0.1,0.0,GARC1,RUS,AMI,rrs@t1327g,U,{},"{""proportion"": 0.0, ""confidence"": [0.0, 0.5749693909936535], ""p_value"": 1.0, ""contingency"": [[0, 2], [228, 16797]]}",{}
156,NC00962.3,AMI-0.05-0.9-0.1,0.0,GARC1,RUS,AMI,rrs@g47a,U,{},"{""proportion"": 0.0, ""confidence"": [0.0, 0.5749693909936535], ""p_value"": 1.0, ""contingency"": [[0, 2], [228, 16797]]}",{}
157,NC00962.3,AMI-0.05-0.9-0.1,0.0,GARC1,RUS,AMI,rrs@t16c,U,{},"{""proportion"": 0.0, ""confidence"": [0.0, 0.5749693909936535], ""p_value"": 1.0, ""contingency"": [[0, 2], [228, 16797]]}",{}
159,NC00962.3,AMI-0.05-0.9-0.1,0.0,GARC1,RUS,AMI,rrs@g1090a,U,{},"{""proportion"": 0.0, ""confidence"": [0.0, 0.7301340512159458], ""p_value"": 1.0, ""contingency"": [[0, 1], [228, 16797]]}",{}
160,NC00962.3,AMI-0.05-0.9-0.1,0.0,GARC1,RUS,AMI,eis@c-12a,U,{},"{""proportion"": 0.0, ""confidence"": [0.0, 0.5749693909936535], ""p_value"": 1.0, ""contingency"": [[0, 2], [228, 16797]]}",{}
161,NC00962.3,AMI-0.05-0.9-0.1,0.0,GARC1,RUS,AMI,rrs@g1432a,U,{},"{""proportion"": 0.0, ""confidence"": [0.0, 0.7301340512159458], ""p_value"": 1.0, ""contingency"": [[0, 1], [228, 16797]]}",{}
162,NC00962.3,AMI-0.05-0.9-0.1,0.0,GARC1,RUS,AMI,rrs@g349a,U,{},"{""proportion"": 0.0, ""confidence"": [0.0, 0.7301340512159458], ""p_value"": 1.0, ""contingency"": [[0, 1], [228, 16797]]}",{}
163,NC00962.3,AMI-0.05-0.9-0.1,0.0,GARC1,RUS,AMI,rrs@a115g,U,{},"{""proportion"": 0.0, ""confidence"": [0.0, 0.7301340512159458], ""p_value"": 1.0, ""contingency"": [[0, 1], [228, 16797]]}",{}
164,NC00962.3,AMI-0.05-0.9-0.1,0.0,GARC1,RUS,AMI,eis@A243V,U,{},"{""proportion"": 0.0, ""confidence"": [0.0, 0.31078398130591417], ""p_value"": 1.0, ""contingency"": [[0, 6], [228, 16797]]}",{}
165,NC00962.3,AMI-0.05-0.9-0.1,0.0,GARC1,RUS,AMI,rrs@c1028a,U,{},"{""proportion"": 0.0, ""confidence"": [0.0, 0.7301340512159458], ""p_value"": 1.0, ""contingency"": [[0, 1], [228, 16797]]}",{}
166,NC00962.3,AMI-0.05-0.9-0.1,0.0,GARC1,RUS,AMI,rrs@t169c,U,{},"{""proportion"": 0.0, ""confidence"": [0.0, 0.7301340512159458], ""p_value"": 1.0, ""contingency"": [[0, 1], [228, 16797]]}",{}
167,NC00962.3,AMI-0.05-0.9-0.1,0.0,GARC1,RUS,AMI,eis@P72L,U,{},"{""proportion"": 0.0, ""confidence"": [0.0, 0.7301340512159458], ""p_value"": 1.0, ""contingency"": [[0, 1], [228, 16797]]}",{}
168,NC00962.3,AMI-0.05-0.9-0.1,0.0,GARC1,RUS,AMI,rrs@c1229t,U,{},"{""proportion"": 0.0, ""confidence"": [0.0, 0.7301340512159458], ""p_value"": 1.0, ""contingency"": [[0, 1], [228, 16797]]}",{}
169,NC00962.3,AMI-0.05-0.9-0.1,0.0,GARC1,RUS,AMI,rrs@g1016t,U,{},"{""proportion"": 0.0, ""confidence"": [0.0, 0.7301340512159458], ""p_value"": 1.0, ""contingency"": [[0, 1], [228, 16797]]}",{}
170,NC00962.3,AMI-0.05-0.9-0.1,0.0,GARC1,RUS,AMI,eis@a-85g,U,{},"{""proportion"": 0.0, ""confidence"": [0.0, 0.7301340512159458], ""p_value"": 1.0, ""contingency"": [[0, 1], [228, 16797]]}",{}
171,NC00962.3,AMI-0.05-0.9-0.1,0.0,GARC1,RUS,AMI,rrs@c1328t,U,{},"{""proportion"": 0.0, ""confidence"": [0.0, 0.7301340512159458], ""p_value"": 1.0, ""contingency"": [[0, 1], [228, 16797]]}",{}
172,NC00962.3,AMI-0.05-0.9-0.1,0.0,GARC1,RUS,AMI,rrs@c1359t,U,{},"{""proportion"": 0.0, ""confidence"": [0.0, 0.7301340512159458], ""p_value"": 1.0, ""contingency"": [[0, 1], [228, 16797]]}",{}
173,NC00962.3,AMI-0.05-0.9-0.1,0.0,GARC1,RUS,AMI,rrs@g179t,U,{},"{""proportion"": 0.0, ""confidence"": [0.0, 0.7301340512159458], ""p_value"": 1.0, ""contingency"": [[0, 1], [228, 16797]]}",{}
174,NC00962.3,AMI-0.05-0.9-0.1,0.0,GARC1,RUS,AMI,rrs@c1248g,U,{},"{""proportion"": 0.0, ""confidence"": [0.0, 0.7301340512159458], ""p_value"": 1.0, ""contingency"": [[0, 1], [228, 16797]]}",{}
175,NC00962.3,AMI-0.05-0.9-0.1,0.0,GARC1,RUS,AMI,rrs@c37t,U,{},"{""proportion"": 0.0, ""confidence"": [0.0, 0.7301340512159458], ""p_value"": 1.0, ""contingency"": [[0, 1], [228, 16797]]}",{}
176,NC00962.3,AMI-0.05-0.9-0.1,0.0,GARC1,RUS,AMI,eis@P193S,U,{},"{""proportion"": 0.0, ""confidence"": [0.0, 0.3511165007651012], ""p_value"": 1.0, ""contingency"": [[0, 5], [228, 16797]]}",{}
177,NC00962.3,AMI-0.05-0.9-0.1,0.0,GARC1,RUS,AMI,rrs@t1208g,U,{},"{""proportion"": 0.0, ""confidence"": [0.0, 0.4741955741575127], ""p_value"": 1.0, ""contingency"": [[0, 3], [228, 16797]]}",{}
178,NC00962.3,AMI-0.05-0.9-0.1,0.0,GARC1,RUS,AMI,rrs@a1409g,U,{},"{""proportion"": 0.0, ""confidence"": [0.0, 0.5749693909936535], ""p_value"": 1.0, ""contingency"": [[0, 2], [228, 16797]]}",{}
179,NC00962.3,AMI-0.05-0.9-0.1,0.0,GARC1,RUS,AMI,rrs@c972t,U,{},"{""proportion"": 0.0, ""confidence"": [0.0, 0.7301340512159458], ""p_value"": 1.0, ""contingency"": [[0, 1], [228, 16797]]}",{}
181,NC00962.3,AMI-0.05-0.9-0.1,0.0,GARC1,RUS,AMI,rrs@t16g,U,{},"{""proportion"": 0.0, ""confidence"": [0.0, 0.7301340512159458], ""p_value"": 1.0, ""contingency"": [[0, 1], [228, 16797]]}",{}
182,NC00962.3,AMI-0.05-0.9-0.1,0.0,GARC1,RUS,AMI,eis@G222A,U,{},"{""proportion"": 0.0, ""confidence"": [0.0, 0.5749693909936535], ""p_value"": 1.0, ""contingency"": [[0, 2], [228, 16797]]}",{}
183,NC00962.3,AMI-0.05-0.9-0.1,0.0,GARC1,RUS,AMI,rrs@c196t,U,{},"{""proportion"": 0.0, ""confidence"": [0.0, 0.7301340512159458], ""p_value"": 1.0, ""contingency"": [[0, 1], [228, 16797]]}",{}
184,NC00962.3,AMI-0.05-0.9-0.1,0.0,GARC1,RUS,AMI,rrs@1010_ins_c,U,{},"{""proportion"": 0.0, ""confidence"": [0.0, 0.7301340512159458], ""p_value"": 1.0, ""contingency"": [[0, 1], [228, 16797]]}",{}
185,NC00962.3,AMI-0.05-0.9-0.1,0.0,GARC1,RUS,AMI,rrs@a1253g,U,{},"{""proportion"": 0.0, ""confidence"": [0.0, 0.7301340512159458], ""p_value"": 1.0, ""contingency"": [[0, 1], [228, 16797]]}",{}
186,NC00962.3,AMI-0.05-0.9-0.1,0.0,GARC1,RUS,AMI,rrs@a907t,U,{},"{""proportion"": 0.0, ""confidence"": [0.0, 0.5749693909936535], ""p_value"": 1.0, ""contingency"": [[0, 2], [228, 16797]]}",{}
187,NC00962.3,AMI-0.05-0.9-0.1,0.0,GARC1,RUS,AMI,rrs@a335c,U,{},"{""proportion"": 0.0, ""confidence"": [0.0, 0.7301340512159458], ""p_value"": 1.0, ""contingency"": [[0, 1], [228, 16797]]}",{}
188,NC00962.3,AMI-0.05-0.9-0.1,0.0,GARC1,RUS,AMI,rrs@181_ins_cacgggatgcatgtcttgt,U,{},"{""proportion"": 0.0, ""confidence"": [0.0, 0.5749693909936535], ""p_value"": 1.0, ""contingency"": [[0, 2], [228, 16797]]}",{}
189,NC00962.3,AMI-0.05-0.9-0.1,0.0,GARC1,RUS,AMI,rrs@g655c,U,{},"{""proportion"": 0.0, ""confidence"": [0.0, 0.5749693909936535], ""p_value"": 1.0, ""contingency"": [[0, 2], [228, 16797]]}",{}
190,NC00962.3,AMI-0.05-0.9-0.1,0.0,GARC1,RUS,AMI,rrs@c699t,U,{},"{""proportion"": 0.0, ""confidence"": [0.0, 0.7301340512159458], ""p_value"": 1.0, ""contingency"": [[0, 1], [228, 16797]]}",{}
191,NC00962.3,AMI-0.05-0.9-0.1,0.0,GARC1,RUS,AMI,eis@A371S,U,{},"{""proportion"": 0.0, ""confidence"": [0.0, 0.7301340512159458], ""p_value"": 1.0, ""contingency"": [[0, 1], [228, 16797]]}",{}
192,NC00962.3,AMI-0.05-0.9-0.1,0.0,GARC1,RUS,AMI,rrs@g225c,U,{},"{""proportion"": 0.0, ""confidence"": [0.0, 0.7301340512159458], ""p_value"": 1.0, ""contingency"": [[0, 1], [228, 16797]]}",{}
193,NC00962.3,AMI-0.05-0.9-0.1,0.0,GARC1,RUS,AMI,rrs@c133a,U,{},"{""proportion"": 0.0, ""confidence"": [0.0, 0.7301340512159458], ""p_value"": 1.0, ""contingency"": [[0, 1], [228, 16797]]}",{}
194,NC00962.3,AMI-0.05-0.9-0.1,0.0,GARC1,RUS,AMI,rrs@g532a,U,{},"{""proportion"": 0.0, ""confidence"": [0.0, 0.7301340512159458], ""p_value"": 1.0, ""contingency"": [[0, 1], [228, 16797]]}",{}
195,NC00962.3,AMI-0.05-0.9-0.1,0.0,GARC1,RUS,AMI,rrs@c941t,U,{},"{""proportion"": 0.0, ""confidence"": [0.0, 0.7301340512159458], ""p_value"": 1.0, ""contingency"": [[0, 1], [228, 16797]]}",{}
196,NC00962.3,AMI-0.05-0.9-0.1,0.0,GARC1,RUS,AMI,eis@E103K,U,{},"{""proportion"": 0.0, ""confidence"": [0.0, 0.7301340512159458], ""p_value"": 1.0, ""contingency"": [[0, 1], [228, 16797]]}",{}
197,NC00962.3,AMI-0.05-0.9-0.1,0.0,GARC1,RUS,AMI,rrs@a1171c,U,{},"{""proportion"": 0.0, ""confidence"": [0.0, 0.7301340512159458], ""p_value"": 1.0, ""contingency"": [[0, 1], [228, 16797]]}",{}
198,NC00962.3,AMI-0.05-0.9-0.1,0.0,GARC1,RUS,AMI,rrs@g1234a,U,{},"{""proportion"": 0.0, ""confidence"": [0.0, 0.7301340512159458], ""p_value"": 1.0, ""contingency"": [[0, 1], [228, 16797]]}",{}
199,NC00962.3,AMI-0.05-0.9-0.1,0.0,GARC1,RUS,AMI,rrs@c-34a,U,{},"{""proportion"": 0.0, ""confidence"": [0.0, 0.5749693909936535], ""p_value"": 1.0, ""contingency"": [[0, 2], [228, 16797]]}",{}
200,NC00962.3,AMI-0.05-0.9-0.1,0.0,GARC1,RUS,AMI,eis@G156C,U,{},"{""proportion"": 0.0, ""confidence"": [0.0, 0.7301340512159458], ""p_value"": 1.0, ""contingency"": [[0, 1], [228, 16797]]}",{}
201,NC00962.3,AMI-0.05-0.9-0.1,0.0,GARC1,RUS,AMI,rrs@c116t,U,{},"{""proportion"": 0.0, ""confidence"": [0.0, 0.7301340512159458], ""p_value"": 1.0, ""contingency"": [[0, 1], [228, 16797]]}",{}
202,NC00962.3,AMI-0.05-0.9-0.1,0.0,GARC1,RUS,AMI,eis@P154L,U,{},"{""proportion"": 0.0, ""confidence"": [0.0, 0.5749693909936535], ""p_value"": 1.0, ""contingency"": [[0, 2], [228, 16797]]}",{}
203,NC00962.3,AMI-0.05-0.9-0.1,0.0,GARC1,RUS,AMI,rrs@c212t,U,{},"{""proportion"": 0.0, ""confidence"": [0.0, 0.7301340512159458], ""p_value"": 1.0, ""contingency"": [[0, 1], [228, 16797]]}",{}
204,NC00962.3,AMI-0.05-0.9-0.1,0.0,GARC1,RUS,AMI,rrs@c836g,U,{},"{""proportion"": 0.0, ""confidence"": [0.0, 0.7301340512159458], ""p_value"": 1.0, ""contingency"": [[0, 1], [228, 16797]]}",{}
205,NC00962.3,AMI-0.05-0.9-0.1,0.0,GARC1,RUS,AMI,eis@E401D,U,{},"{""proportion"": 0.0, ""confidence"": [0.0, 0.4741955741575127], ""p_value"": 1.0, ""contingency"": [[0, 3], [228, 16797]]}",{}
206,NC00962.3,AMI-0.05-0.9-0.1,0.0,GARC1,RUS,AMI,rrs@c861t,U,{},"{""proportion"": 0.0, ""confidence"": [0.0, 0.7301340512159458], ""p_value"": 1.0, ""contingency"": [[0, 1], [228, 16797]]}",{}
207,NC00962.3,AMI-0.05-0.9-0.1,0.0,GARC1,RUS,AMI,rrs@c905t,U,{},"{""proportion"": 0.0, ""confidence"": [0.0, 0.7301340512159458], ""p_value"": 1.0, ""contingency"": [[0, 1], [228, 16797]]}",{}
208,NC00962.3,AMI-0.05-0.9-0.1,0.0,GARC1,RUS,AMI,rrs@c905g,U,{},"{""proportion"": 0.0, ""confidence"": [0.0, 0.7301340512159458], ""p_value"": 1.0, ""contingency"": [[0, 1], [228, 16797]]}",{}
209,NC00962.3,AMI-0.05-0.9-0.1,0.0,GARC1,RUS,AMI,rrs@a885g,U,{},"{""proportion"": 0.0, ""confidence"": [0.0, 0.7301340512159458], ""p_value"": 1.0, ""contingency"": [[0, 1], [228, 16797]]}",{}
210,NC00962.3,AMI-0.05-0.9-0.1,0.0,GARC1,RUS,AMI,eis@A151V,U,{},"{""proportion"": 0.0, ""confidence"": [0.0, 0.5749693909936535], ""p_value"": 1.0, ""contingency"": [[0, 2], [228, 16797]]}",{}
211,NC00962.3,AMI-0.05-0.9-0.1,0.0,GARC1,RUS,AMI,rrs@g422t,U,{},"{""proportion"": 0.0, ""confidence"": [0.0, 0.7301340512159458], ""p_value"": 1.0, ""contingency"": [[0, 1], [228, 16797]]}",{}
212,NC00962.3,AMI-0.05-0.9-0.1,0.0,GARC1,RUS,AMI,rrs@g935a,U,{},"{""proportion"": 0.0, ""confidence"": [0.0, 0.5749693909936535], ""p_value"": 1.0, ""contingency"": [[0, 2], [228, 16797]]}",{}
213,NC00962.3,AMI-0.05-0.9-0.1,0.0,GARC1,RUS,AMI,rrs@g9a,U,{},"{""proportion"": 0.0, ""confidence"": [0.0, 0.7301340512159458], ""p_value"": 1.0, ""contingency"": [[0, 1], [228, 16797]]}",{}
214,NC00962.3,AMI-0.05-0.9-0.1,0.0,GARC1,RUS,AMI,eis@A251G,U,{},"{""proportion"": 0.0, ""confidence"": [0.0, 0.5749693909936535], ""p_value"": 1.0, ""contingency"": [[0, 2], [228, 16797]]}",{}
215,NC00962.3,AMI-0.05-0.9-0.1,0.0,GARC1,RUS,AMI,rrs@t763c,U,{},"{""proportion"": 0.0, ""confidence"": [0.0, 0.7301340512159458], ""p_value"": 1.0, ""contingency"": [[0, 1], [228, 16797]]}",{}
216,NC00962.3,AMI-0.05-0.9-0.1,0.0,GARC1,RUS,AMI,rrs@a273t,U,{},"{""proportion"": 0.0, ""confidence"": [0.0, 0.7301340512159458], ""p_value"": 1.0, ""contingency"": [[0, 1], [228, 16797]]}",{}
217,NC00962.3,AMI-0.05-0.9-0.1,0.0,GARC1,RUS,AMI,eis@P208L,U,{},"{""proportion"": 0.0, ""confidence"": [0.0, 0.7301340512159458], ""p_value"": 1.0, ""contingency"": [[0, 1], [228, 16797]]}",{}
218,NC00962.3,AMI-0.05-0.9-0.1,0.0,GARC1,RUS,AMI,rrs@555_ins_t,U,{},"{""proportion"": 0.0, ""confidence"": [0.0, 0.7301340512159458], ""p_value"": 1.0, ""contingency"": [[0, 1], [228, 16797]]}",{}
219,NC00962.3,AMI-0.05-0.9-0.1,0.0,GARC1,RUS,AMI,rrs@g1016a,U,{},"{""proportion"": 0.0, ""confidence"": [0.0, 0.7301340512159458], ""p_value"": 1.0, ""contingency"": [[0, 1], [228, 16797]]}",{}
220,NC00962.3,AMI-0.05-0.9-0.1,0.0,GARC1,RUS,AMI,rrs@c1257t,U,{},"{""proportion"": 0.0, ""confidence"": [0.0, 0.7301340512159458], ""p_value"": 1.0, ""contingency"": [[0, 1], [228, 16797]]}",{}
221,NC00962.3,AMI-0.05-0.9-0.1,0.0,GARC1,RUS,AMI,eis@g-16a,U,{},"{""proportion"": 0.0, ""confidence"": [0.0, 0.7301340512159458], ""p_value"": 1.0, ""contingency"": [[0, 1], [228, 16797]]}",{}
222,NC00962.3,AMI-0.05-0.9-0.1,0.0,GARC1,RUS,AMI,eis@t-44c,U,{},"{""proportion"": 0.0, ""confidence"": [0.0, 0.5749693909936535], ""p_value"": 1.0, ""contingency"": [[0, 2], [228, 16797]]}",{}
223,NC00962.3,AMI-0.05-0.9-0.1,0.0,GARC1,RUS,AMI,rrs@t1011c,U,{},"{""proportion"": 0.0, ""confidence"": [0.0, 0.40347862520270455], ""p_value"": 1.0, ""contingency"": [[0, 4], [228, 16797]]}",{}
224,NC00962.3,AMI-0.05-0.9-0.1,0.0,GARC1,RUS,AMI,eis@T169I,U,{},"{""proportion"": 0.0, ""confidence"": [0.0, 0.7301340512159458], ""p_value"": 1.0, ""contingency"": [[0, 1], [228, 16797]]}",{}
225,NC00962.3,AMI-0.05-0.9-0.1,0.0,GARC1,RUS,AMI,rrs@92_ins_t,U,{},"{""proportion"": 0.0, ""confidence"": [0.0, 0.7301340512159458], ""p_value"": 1.0, ""contingency"": [[0, 1], [228, 16797]]}",{}
226,NC00962.3,AMI-0.05-0.9-0.1,0.0,GARC1,RUS,AMI,rrs@t1069g,U,{},"{""proportion"": 0.0, ""confidence"": [0.0, 0.7301340512159458], ""p_value"": 1.0, ""contingency"": [[0, 1], [228, 16797]]}",{}
227,NC00962.3,AMI-0.05-0.9-0.1,0.0,GARC1,RUS,AMI,eis@S367P,U,{},"{""proportion"": 0.0, ""confidence"": [0.0, 0.7301340512159458], ""p_value"": 1.0, ""contingency"": [[0, 1], [228, 16797]]}",{}
228,NC00962.3,AMI-0.05-0.9-0.1,0.0,GARC1,RUS,AMI,rrs@5_ins_c,U,{},"{""proportion"": 0.0, ""confidence"": [0.0, 0.4741955741575127], ""p_value"": 1.0, ""contingency"": [[0, 3], [228, 16797]]}",{}
229,NC00962.3,AMI-0.05-0.9-0.1,0.0,GARC1,RUS,AMI,eis@t-95g,U,{},"{""proportion"": 0.0, ""confidence"": [0.0, 0.7301340512159458], ""p_value"": 1.0, ""contingency"": [[0, 1], [228, 16797]]}",{}
230,NC00962.3,AMI-0.05-0.9-0.1,0.0,GARC1,RUS,AMI,eis@E10K,U,{},"{""proportion"": 0.0, ""confidence"": [0.0, 0.7301340512159458], ""p_value"": 1.0, ""contingency"": [[0, 1], [228, 16797]]}",{}
231,NC00962.3,AMI-0.05-0.9-0.1,0.0,GARC1,RUS,AMI,rrs@c-91a,U,{},"{""proportion"": 0.0, ""confidence"": [0.0, 0.7301340512159458], ""p_value"": 1.0, ""contingency"": [[0, 1], [228, 16797]]}",{}
232,NC00962.3,AMI-0.05-0.9-0.1,0.0,GARC1,RUS,AMI,rrs@c441t,U,{},"{""proportion"": 0.0, ""confidence"": [0.0, 0.4741955741575127], ""p_value"": 1.0, ""contingency"": [[0, 3], [228, 16797]]}",{}
233,NC00962.3,AMI-0.05-0.9-0.1,0.0,GARC1,RUS,AMI,rrs@a1367g,U,{},"{""proportion"": 0.0, ""confidence"": [0.0, 0.5749693909936535], ""p_value"": 1.0, ""contingency"": [[0, 2], [228, 16797]]}",{}
234,NC00962.3,AMI-0.05-0.9-0.1,0.0,GARC1,RUS,AMI,eis@A202P,U,{},"{""proportion"": 0.0, ""confidence"": [0.0, 0.7301340512159458], ""p_value"": 1.0, ""contingency"": [[0, 1], [228, 16797]]}",{}
235,NC00962.3,AMI-0.05-0.9-0.1,0.0,GARC1,RUS,AMI,rrs@g-49a,U,{},"{""proportion"": 0.0, ""confidence"": [0.0, 0.7301340512159458], ""p_value"": 1.0, ""contingency"": [[0, 1], [228, 16797]]}",{}
236,NC00962.3,AMI-0.05-0.9-0.1,0.0,GARC1,RUS,AMI,rrs@1371_ins_g,U,{},"{""proportion"": 0.0, ""confidence"": [0.0, 0.7301340512159458], ""p_value"": 1.0, ""contingency"": [[0, 1], [228, 16797]]}",{}
237,NC00962.3,AMI-0.05-0.9-0.1,0.0,GARC1,RUS,AMI,eis@R297C,U,{},"{""proportion"": 0.0, ""confidence"": [0.0, 0.7301340512159458], ""p_value"": 1.0, ""contingency"": [[0, 1], [228, 16797]]}",{}
238,NC00962.3,AMI-0.05-0.9-0.1,0.0,GARC1,RUS,AMI,rrs@g408a,U,{},"{""proportion"": 0.0, ""confidence"": [0.0, 0.7301340512159458], ""p_value"": 1.0, ""contingency"": [[0, 1], [228, 16797]]}",{}
239,NC00962.3,AMI-0.05-0.9-0.1,0.0,GARC1,RUS,AMI,eis@R254Q,U,{},"{""proportion"": 0.0, ""confidence"": [0.0, 0.7301340512159458], ""p_value"": 1.0, ""contingency"": [[0, 1], [228, 16797]]}",{}
240,NC00962.3,AMI-0.05-0.9-0.1,0.0,GARC1,RUS,AMI,rrs@a619t,U,{},"{""proportion"": 0.0, ""confidence"": [0.0, 0.7301340512159458], ""p_value"": 1.0, ""contingency"": [[0, 1], [228, 16797]]}",{}
241,NC00962.3,AMI-0.05-0.9-0.1,0.0,GARC1,RUS,AMI,rrs@g24a,U,{},"{""proportion"": 0.0, ""confidence"": [0.0, 0.5749693909936535], ""p_value"": 1.0, ""contingency"": [[0, 2], [228, 16797]]}",{}
242,NC00962.3,AMI-0.05-0.9-0.1,0.0,GARC1,RUS,AMI,eis@L18P,U,{},"{""proportion"": 0.0, ""confidence"": [0.0, 0.7301340512159458], ""p_value"": 1.0, ""contingency"": [[0, 1], [228, 16797]]}",{}
243,NC00962.3,AMI-0.05-0.9-0.1,0.0,GARC1,RUS,AMI,rrs@a703c,U,{},"{""proportion"": 0.0, ""confidence"": [0.0, 0.5749693909936535], ""p_value"": 1.0, ""contingency"": [[0, 2], [228, 16797]]}",{}
244,NC00962.3,AMI-0.05-0.9-0.1,0.0,GARC1,RUS,AMI,eis@G309D,U,{},"{""proportion"": 0.0, ""confidence"": [0.0, 0.7301340512159458], ""p_value"": 1.0, ""contingency"": [[0, 1], [228, 16797]]}",{}
245,NC00962.3,AMI-0.05-0.9-0.1,0.0,GARC1,RUS,AMI,rrs@g1497a,U,{},"{""proportion"": 0.0, ""confidence"": [0.0, 0.7301340512159458], ""p_value"": 1.0, ""contingency"": [[0, 1], [228, 16797]]}",{}
246,NC00962.3,AMI-0.05-0.9-0.1,0.0,GARC1,RUS,AMI,rrs@c1218a,U,{},"{""proportion"": 0.0, ""confidence"": [0.0, 0.7301340512159458], ""p_value"": 1.0, ""contingency"": [[0, 1], [228, 16797]]}",{}
247,NC00962.3,AMI-0.05-0.9-0.1,0.0,GARC1,RUS,AMI,eis@363_del_cgag,U,{},"{""proportion"": 0.0, ""confidence"": [0.0, 0.7301340512159458], ""p_value"": 1.0, ""contingency"": [[0, 1], [228, 16797]]}",{}
248,NC00962.3,AMI-0.05-0.9-0.1,0.0,GARC1,RUS,AMI,rrs@c1489t,U,{},"{""proportion"": 0.3333333333333333, ""confidence"": [0.0782657263337284, 0.7464661317187757], ""p_value"": 0.14262499999999997, ""contingency"": [[1, 2], [228, 16797]]}",{}
249,NC00962.3,AMI-0.05-0.9-0.1,0.0,GARC1,RUS,AMI,rrs@1143_ins_ga,U,{},"{""proportion"": 0.0, ""confidence"": [0.0, 0.5749693909936535], ""p_value"": 1.0, ""contingency"": [[0, 2], [228, 16797]]}",{}
250,NC00962.3,AMI-0.05-0.9-0.1,0.0,GARC1,RUS,AMI,rrs@g1379a,U,{},"{""proportion"": 0.0, ""confidence"": [0.0, 0.21294197008340696], ""p_value"": 1.0, ""contingency"": [[0, 10], [228, 16797]]}",{}
251,NC00962.3,AMI-0.05-0.9-0.1,0.0,GARC1,RUS,AMI,eis@L201R,U,{},"{""proportion"": 0.0, ""confidence"": [0.0, 0.7301340512159458], ""p_value"": 1.0, ""contingency"": [[0, 1], [228, 16797]]}",{}
252,NC00962.3,AMI-0.05-0.9-0.1,0.0,GARC1,RUS,AMI,rrs@a1008c,U,{},"{""proportion"": 0.0, ""confidence"": [0.0, 0.7301340512159458], ""p_value"": 1.0, ""contingency"": [[0, 1], [228, 16797]]}",{}
253,NC00962.3,AMI-0.05-0.9-0.1,0.0,GARC1,RUS,AMI,eis@V59I,U,{},"{""proportion"": 0.0, ""confidence"": [0.0, 0.7301340512159458], ""p_value"": 1.0, ""contingency"": [[0, 1], [228, 16797]]}",{}
254,NC00962.3,AMI-0.05-0.9-0.1,0.0,GARC1,RUS,AMI,rrs@g1167a,U,{},"{""proportion"": 0.0, ""confidence"": [0.0, 0.5749693909936535], ""p_value"": 1.0, ""contingency"": [[0, 2], [228, 16797]]}",{}
255,NC00962.3,AMI-0.05-0.9-0.1,0.0,GARC1,RUS,AMI,rrs@a68g,U,{},"{""proportion"": 0.0, ""confidence"": [0.0, 0.7301340512159458], ""p_value"": 1.0, ""contingency"": [[0, 1], [228, 16797]]}",{}
256,NC00962.3,AMI-0.05-0.9-0.1,0.0,GARC1,RUS,AMI,eis@L256P,U,{},"{""proportion"": 0.0, ""confidence"": [0.0, 0.7301340512159458], ""p_value"": 1.0, ""contingency"": [[0, 1], [228, 16797]]}",{}
257,NC00962.3,AMI-0.05-0.9-0.1,0.0,GARC1,RUS,AMI,rrs@298_ins_t,U,{},"{""proportion"": 0.0, ""confidence"": [0.0, 0.7301340512159458], ""p_value"": 1.0, ""contingency"": [[0, 1], [228, 16797]]}",{}
258,NC00962.3,AMI-0.05-0.9-0.1,0.0,GARC1,RUS,AMI,rrs@g1454c,U,{},"{""proportion"": 0.0, ""confidence"": [0.0, 0.7301340512159458], ""p_value"": 1.0, ""contingency"": [[0, 1], [228, 16797]]}",{}
259,NC00962.3,AMI-0.05-0.9-0.1,0.0,GARC1,RUS,AMI,rrs@c84t,U,{},"{""proportion"": 0.0, ""confidence"": [0.0, 0.7301340512159458], ""p_value"": 1.0, ""contingency"": [[0, 1], [228, 16797]]}",{}
260,NC00962.3,AMI-0.05-0.9-0.1,0.0,GARC1,RUS,AMI,rrs@a649g,U,{},"{""proportion"": 0.0, ""confidence"": [0.0, 0.7301340512159458], ""p_value"": 1.0, ""contingency"": [[0, 1], [228, 16797]]}",{}
261,NC00962.3,AMI-0.05-0.9-0.1,0.0,GARC1,RUS,AMI,rrs@g185c,U,{},"{""proportion"": 0.0, ""confidence"": [0.0, 0.7301340512159458], ""p_value"": 1.0, ""contingency"": [[0, 1], [228, 16797]]}",{}
262,NC00962.3,AMI-0.05-0.9-0.1,0.0,GARC1,RUS,AMI,rrs@t213g,U,{},"{""proportion"": 0.0, ""confidence"": [0.0, 0.31078398130591417], ""p_value"": 1.0, ""contingency"": [[0, 6], [228, 16797]]}",{}
263,NC00962.3,AMI-0.05-0.9-0.1,0.0,GARC1,RUS,AMI,rrs@g946c,U,{},"{""proportion"": 0.0, ""confidence"": [0.0, 0.7301340512159458], ""p_value"": 1.0, ""contingency"": [[0, 1], [228, 16797]]}",{}
264,NC00962.3,AMI-0.05-0.9-0.1,0.0,GARC1,RUS,AMI,eis@R339Q,U,{},"{""proportion"": 0.0, ""confidence"": [0.0, 0.7301340512159458], ""p_value"": 1.0, ""contingency"": [[0, 1], [228, 16797]]}",{}
265,NC00962.3,AMI-0.05-0.9-0.1,0.0,GARC1,RUS,AMI,eis@F84Y,U,{},"{""proportion"": 0.0, ""confidence"": [0.0, 0.7301340512159458], ""p_value"": 1.0, ""contingency"": [[0, 1], [228, 16797]]}",{}
267,NC00962.3,AMI-0.05-0.9-0.1,0.0,GARC1,RUS,AMI,eis@E348K,U,{},"{""proportion"": 0.0, ""confidence"": [0.0, 0.7301340512159458], ""p_value"": 1.0, ""contingency"": [[0, 1], [228, 16797]]}",{}
268,NC00962.3,AMI-0.05-0.9-0.1,0.0,GARC1,RUS,AMI,rrs@g660t,U,{},"{""proportion"": 0.0, ""confidence"": [0.0, 0.7301340512159458], ""p_value"": 1.0, ""contingency"": [[0, 1], [228, 16797]]}",{}
269,NC00962.3,AMI-0.05-0.9-0.1,0.0,GARC1,RUS,AMI,eis@893_del_t,U,{},"{""proportion"": 0.0, ""confidence"": [0.0, 0.7301340512159458], ""p_value"": 1.0, ""contingency"": [[0, 1], [228, 16797]]}",{}
270,NC00962.3,AMI-0.05-0.9-0.1,0.0,GARC1,RUS,AMI,rrs@905_ins_aa,U,{},"{""proportion"": 0.0, ""confidence"": [0.0, 0.7301340512159458], ""p_value"": 1.0, ""contingency"": [[0, 1], [228, 16797]]}",{}
271,NC00962.3,AMI-0.05-0.9-0.1,0.0,GARC1,RUS,AMI,eis@D281G,U,{},"{""proportion"": 0.0, ""confidence"": [0.0, 0.7301340512159458], ""p_value"": 1.0, ""contingency"": [[0, 1], [228, 16797]]}",{}
272,NC00962.3,AMI-0.05-0.9-0.1,0.0,GARC1,RUS,AMI,rrs@c1300t,U,{},"{""proportion"": 0.0, ""confidence"": [0.0, 0.7301340512159458], ""p_value"": 1.0, ""contingency"": [[0, 1], [228, 16797]]}",{}
273,NC00962.3,AMI-0.05-0.9-0.1,0.0,GARC1,RUS,AMI,rrs@t15c,U,{},"{""proportion"": 0.0, ""confidence"": [0.0, 0.7301340512159458], ""p_value"": 1.0, ""contingency"": [[0, 1], [228, 16797]]}",{}
274,NC00962.3,AMI-0.05-0.9-0.1,0.0,GARC1,RUS,AMI,rrs@t93g,U,{},"{""proportion"": 0.0, ""confidence"": [0.0, 0.7301340512159458], ""p_value"": 1.0, ""contingency"": [[0, 1], [228, 16797]]}",{}
275,NC00962.3,AMI-0.05-0.9-0.1,0.0,GARC1,RUS,AMI,rrs@g1348a,U,{},"{""proportion"": 0.0, ""confidence"": [0.0, 0.7301340512159458], ""p_value"": 1.0, ""contingency"": [[0, 1], [228, 16797]]}",{}
276,NC00962.3,AMI-0.05-0.9-0.1,0.0,GARC1,RUS,AMI,rrs@g1481t,U,{},"{""proportion"": 0.0, ""confidence"": [0.0, 0.7301340512159458], ""p_value"": 1.0, ""contingency"": [[0, 1], [228, 16797]]}",{}
277,NC00962.3,AMI-0.05-0.9-0.1,0.0,GARC1,RUS,AMI,rrs@-20_ins_tccaaaggga,U,{},"{""proportion"": 0.13333333333333333, ""confidence"": [0.04515088675757843, 0.33357476328985763], ""p_value"": 0.1709525355035991, ""contingency"": [[2, 13], [228, 16797]]}",{}
278,NC00962.3,AMI-0.05-0.9-0.1,0.0,GARC1,RUS,AMI,rrs@a-10c,U,{},"{""proportion"": 0.0, ""confidence"": [0.0, 0.7301340512159458], ""p_value"": 1.0, ""contingency"": [[0, 1], [228, 16797]]}",{}
279,NC00962.3,AMI-0.05-0.9-0.1,0.0,GARC1,RUS,AMI,rrs@a1347c,U,{},"{""proportion"": 0.0, ""confidence"": [0.0, 0.7301340512159458], ""p_value"": 1.0, ""contingency"": [[0, 1], [228, 16797]]}",{}
280,NC00962.3,AMI-0.05-0.9-0.1,0.0,GARC1,RUS,AMI,rrs@g1238t,U,{},"{""proportion"": 0.0, ""confidence"": [0.0, 0.7301340512159458], ""p_value"": 1.0, ""contingency"": [[0, 1], [228, 16797]]}",{}
281,NC00962.3,AMI-0.05-0.9-0.1,0.0,GARC1,RUS,AMI,eis@G357D,U,{},"{""proportion"": 0.0, ""confidence"": [0.0, 0.7301340512159458], ""p_value"": 1.0, ""contingency"": [[0, 1], [228, 16797]]}",{}
282,NC00962.3,AMI-0.05-0.9-0.1,0.0,GARC1,RUS,AMI,rrs@908_ins_t,U,{},"{""proportion"": 0.0, ""confidence"": [0.0, 0.7301340512159458], ""p_value"": 1.0, ""contingency"": [[0, 1], [228, 16797]]}",{}
283,NC00962.3,AMI-0.05-0.9-0.1,0.0,GARC1,RUS,AMI,rrs@g1519a,U,{},"{""proportion"": 0.0, ""confidence"": [0.0, 0.7301340512159458], ""p_value"": 1.0, ""contingency"": [[0, 1], [228, 16797]]}",{}
284,NC00962.3,AMI-0.05-0.9-0.1,0.0,GARC1,RUS,AMI,eis@a-13c,U,{},"{""proportion"": 0.0, ""confidence"": [0.0, 0.7301340512159458], ""p_value"": 1.0, ""contingency"": [[0, 1], [228, 16797]]}",{}
285,NC00962.3,AMI-0.05-0.9-0.1,0.0,GARC1,RUS,AMI,eis@P187R,U,{},"{""proportion"": 0.0, ""confidence"": [0.0, 0.5749693909936535], ""p_value"": 1.0, ""contingency"": [[0, 2], [228, 16797]]}",{}
286,NC00962.3,AMI-0.05-0.9-0.1,0.0,GARC1,RUS,AMI,eis@A243T,U,{},"{""proportion"": 0.0, ""confidence"": [0.0, 0.7301340512159458], ""p_value"": 1.0, ""contingency"": [[0, 1], [228, 16797]]}",{}
287,NC00962.3,AMI-0.05-0.9-0.1,0.0,GARC1,RUS,AMI,eis@V314L,U,{},"{""proportion"": 0.0, ""confidence"": [0.0, 0.7301340512159458], ""p_value"": 1.0, ""contingency"": [[0, 1], [228, 16797]]}",{}
288,NC00962.3,AMI-0.05-0.9-0.1,0.0,GARC1,RUS,AMI,rrs@c1062t,U,{},"{""proportion"": 0.0, ""confidence"": [0.0, 0.7301340512159458], ""p_value"": 1.0, ""contingency"": [[0, 1], [228, 16797]]}",{}
289,NC00962.3,AMI-0.05-0.9-0.1,0.0,GARC1,RUS,AMI,rrs@t16a,U,{},"{""proportion"": 0.0, ""confidence"": [0.0, 0.5749693909936535], ""p_value"": 1.0, ""contingency"": [[0, 2], [228, 16797]]}",{}
290,NC00962.3,AMI-0.05-0.9-0.1,0.0,GARC1,RUS,AMI,rrs@g1108a,U,{},"{""proportion"": 0.0, ""confidence"": [0.0, 0.7301340512159458], ""p_value"": 1.0, ""contingency"": [[0, 1], [228, 16797]]}",{}
291,NC00962.3,AMI-0.05-0.9-0.1,0.0,GARC1,RUS,AMI,rrs@c1199t,U,{},"{""proportion"": 0.0, ""confidence"": [0.0, 0.7301340512159458], ""p_value"": 1.0, ""contingency"": [[0, 1], [228, 16797]]}",{}
292,NC00962.3,AMI-0.05-0.9-0.1,0.0,GARC1,RUS,AMI,rrs@c494t,U,{},"{""proportion"": 0.0, ""confidence"": [0.0, 0.7301340512159458], ""p_value"": 1.0, ""contingency"": [[0, 1], [228, 16797]]}",{}
293,NC00962.3,AMI-0.05-0.9-0.1,0.0,GARC1,RUS,AMI,rrs@t727c,U,{},"{""proportion"": 0.0, ""confidence"": [0.0, 0.7301340512159458], ""p_value"": 1.0, ""contingency"": [[0, 1], [228, 16797]]}",{}
294,NC00962.3,AMI-0.05-0.9-0.1,0.0,GARC1,RUS,AMI,rrs@474_ins_ggt,U,{},"{""proportion"": 0.0, ""confidence"": [0.0, 0.7301340512159458], ""p_value"": 1.0, ""contingency"": [[0, 1], [228, 16797]]}",{}
295,NC00962.3,AMI-0.05-0.9-0.1,0.0,GARC1,RUS,AMI,rrs@a440g,U,{},"{""proportion"": 0.0, ""confidence"": [0.0, 0.7301340512159458], ""p_value"": 1.0, ""contingency"": [[0, 1], [228, 16797]]}",{}
296,NC00962.3,AMI-0.05-0.9-0.1,0.0,GARC1,RUS,AMI,rrs@g1302a,U,{},"{""proportion"": 0.0, ""confidence"": [0.0, 0.7301340512159458], ""p_value"": 1.0, ""contingency"": [[0, 1], [228, 16797]]}",{}
297,NC00962.3,AMI-0.05-0.9-0.1,0.0,GARC1,RUS,AMI,rrs@g1416a,U,{},"{""proportion"": 0.0, ""confidence"": [0.0, 0.7301340512159458], ""p_value"": 1.0, ""contingency"": [[0, 1], [228, 16797]]}",{}
298,NC00962.3,AMI-0.05-0.9-0.1,0.0,GARC1,RUS,AMI,rrs@c-91t,U,{},"{""proportion"": 0.0, ""confidence"": [0.0, 0.40347862520270455], ""p_value"": 1.0, ""contingency"": [[0, 4], [228, 16797]]}",{}
299,NC00962.3,AMI-0.05-0.9-0.1,0.0,GARC1,RUS,AMI,eis@T70A,U,{},"{""proportion"": 0.0, ""confidence"": [0.0, 0.40347862520270455], ""p_value"": 1.0, ""contingency"": [[0, 4], [228, 16797]]}",{}
300,NC00962.3,AMI-0.05-0.9-0.1,0.0,GARC1,RUS,AMI,rrs@a126c,U,{},"{""proportion"": 0.0, ""confidence"": [0.0, 0.7301340512159458], ""p_value"": 1.0, ""contingency"": [[0, 1], [228, 16797]]}",{}
301,NC00962.3,AMI-0.05-0.9-0.1,0.0,GARC1,RUS,AMI,eis@R37Q,U,{},"{""proportion"": 0.0, ""confidence"": [0.0, 0.7301340512159458], ""p_value"": 1.0, ""contingency"": [[0, 1], [228, 16797]]}",{}
302,NC00962.3,AMI-0.05-0.9-0.1,0.0,GARC1,RUS,AMI,eis@c-15t,U,{},"{""proportion"": 0.0, ""confidence"": [0.0, 0.7301340512159458], ""p_value"": 1.0, ""contingency"": [[0, 1], [228, 16797]]}",{}
303,NC00962.3,AMI-0.05-0.9-0.1,0.0,GARC1,RUS,AMI,rrs@a287g,U,{},"{""proportion"": 0.0, ""confidence"": [0.0, 0.7301340512159458], ""p_value"": 1.0, ""contingency"": [[0, 1], [228, 16797]]}",{}
304,NC00962.3,AMI-0.05-0.9-0.1,0.0,GARC1,RUS,AMI,rrs@g1148a,U,{},"{""proportion"": 0.0, ""confidence"": [0.0, 0.31078398130591417], ""p_value"": 1.0, ""contingency"": [[0, 6], [228, 16797]]}",{}
305,NC00962.3,AMI-0.05-0.9-0.1,0.0,GARC1,RUS,AMI,eis@Q185H,U,{},"{""proportion"": 0.0, ""confidence"": [0.0, 0.7301340512159458], ""p_value"": 1.0, ""contingency"": [[0, 1], [228, 16797]]}",{}
306,NC00962.3,AMI-0.05-0.9-0.1,0.0,GARC1,RUS,AMI,rrs@c513t,U,{},"{""proportion"": 0.0, ""confidence"": [0.0, 0.5749693909936535], ""p_value"": 1.0, ""contingency"": [[0, 2], [228, 16797]]}",{}
307,NC00962.3,AMI-0.05-0.9-0.1,0.0,GARC1,RUS,AMI,rrs@g-65t,U,{},"{""proportion"": 0.0, ""confidence"": [0.0, 0.5749693909936535], ""p_value"": 1.0, ""contingency"": [[0, 2], [228, 16797]]}",{}
308,NC00962.3,AMI-0.05-0.9-0.1,0.0,GARC1,RUS,AMI,eis@T398N,U,{},"{""proportion"": 0.0, ""confidence"": [0.0, 0.4741955741575127], ""p_value"": 1.0, ""contingency"": [[0, 3], [228, 16797]]}",{}
309,NC00962.3,AMI-0.05-0.9-0.1,0.0,GARC1,RUS,AMI,rrs@g1425a,U,{},"{""proportion"": 0.0, ""confidence"": [0.0, 0.5749693909936535], ""p_value"": 1.0, ""contingency"": [[0, 2], [228, 16797]]}",{}
310,NC00962.3,AMI-0.05-0.9-0.1,0.0,GARC1,RUS,AMI,eis@A370S,U,{},"{""proportion"": 0.0, ""confidence"": [0.0, 0.5749693909936535], ""p_value"": 1.0, ""contingency"": [[0, 2], [228, 16797]]}",{}
311,NC00962.3,AMI-0.05-0.9-0.1,0.0,GARC1,RUS,AMI,rrs@c735g,U,{},"{""proportion"": 0.0, ""confidence"": [0.0, 0.40347862520270455], ""p_value"": 1.0, ""contingency"": [[0, 4], [228, 16797]]}",{}
312,NC00962.3,AMI-0.05-0.9-0.1,0.0,GARC1,RUS,AMI,eis@T231I,U,{},"{""proportion"": 0.0, ""confidence"": [0.0, 0.40347862520270455], ""p_value"": 1.0, ""contingency"": [[0, 4], [228, 16797]]}",{}
313,NC00962.3,AMI-0.05-0.9-0.1,0.0,GARC1,RUS,AMI,rrs@c-82a,U,{},"{""proportion"": 0.0, ""confidence"": [0.0, 0.5749693909936535], ""p_value"": 1.0, ""contingency"": [[0, 2], [228, 16797]]}",{}
314,NC00962.3,AMI-0.05-0.9-0.1,0.0,GARC1,RUS,AMI,eis@D354N,U,{},"{""proportion"": 0.0, ""confidence"": [0.0, 0.7301340512159458], ""p_value"": 1.0, ""contingency"": [[0, 1], [228, 16797]]}",{}
315,NC00962.3,AMI-0.05-0.9-0.1,0.0,GARC1,RUS,AMI,eis@a-39g,U,{},"{""proportion"": 0.0, ""confidence"": [0.0, 0.7301340512159458], ""p_value"": 1.0, ""contingency"": [[0, 1], [228, 16797]]}",{}
317,NC00962.3,AMI-0.05-0.9-0.1,0.0,GARC1,RUS,AMI,rrs@c385t,U,{},"{""proportion"": 0.0, ""confidence"": [0.0, 0.7301340512159458], ""p_value"": 1.0, ""contingency"": [[0, 1], [228, 16797]]}",{}
318,NC00962.3,AMI-0.05-0.9-0.1,0.0,GARC1,RUS,AMI,eis@g-54a,U,{},"{""proportion"": 0.0, ""confidence"": [0.0, 0.7301340512159458], ""p_value"": 1.0, ""contingency"": [[0, 1], [228, 16797]]}",{}
319,NC00962.3,AMI-0.05-0.9-0.1,0.0,GARC1,RUS,AMI,rrs@t1208c,U,{},"{""proportion"": 0.0, ""confidence"": [0.0, 0.7301340512159458], ""p_value"": 1.0, ""contingency"": [[0, 1], [228, 16797]]}",{}
320,NC00962.3,AMI-0.05-0.9-0.1,0.0,GARC1,RUS,AMI,rrs@c333t,U,{},"{""proportion"": 0.0, ""confidence"": [0.0, 0.7301340512159458], ""p_value"": 1.0, ""contingency"": [[0, 1], [228, 16797]]}",{}
321,NC00962.3,AMI-0.05-0.9-0.1,0.0,GARC1,RUS,AMI,rrs@t454c,U,{},"{""proportion"": 0.0, ""confidence"": [0.0, 0.7301340512159458], ""p_value"": 1.0, ""contingency"": [[0, 1], [228, 16797]]}",{}
322,NC00962.3,AMI-0.05-0.9-0.1,0.0,GARC1,RUS,AMI,rrs@g1027a,U,{},"{""proportion"": 0.0, ""confidence"": [0.0, 0.5749693909936535], ""p_value"": 1.0, ""contingency"": [[0, 2], [228, 16797]]}",{}
323,NC00962.3,AMI-0.05-0.9-0.1,0.0,GARC1,RUS,AMI,rrs@c-69a,U,{},"{""proportion"": 0.0, ""confidence"": [0.0, 0.5749693909936535], ""p_value"": 1.0, ""contingency"": [[0, 2], [228, 16797]]}",{}
324,NC00962.3,AMI-0.05-0.9-0.1,0.0,GARC1,RUS,AMI,eis@M100V,U,{},"{""proportion"": 0.0, ""confidence"": [0.0, 0.7301340512159458], ""p_value"": 1.0, ""contingency"": [[0, 1], [228, 16797]]}",{}
325,NC00962.3,AMI-0.05-0.9-0.1,0.0,GARC1,RUS,AMI,eis@E57K,U,{},"{""proportion"": 0.0, ""confidence"": [0.0, 0.7301340512159458], ""p_value"": 1.0, ""contingency"": [[0, 1], [228, 16797]]}",{}
326,NC00962.3,AMI-0.05-0.9-0.1,0.0,GARC1,RUS,AMI,eis@H105Y,U,{},"{""proportion"": 0.0, ""confidence"": [0.0, 0.7301340512159458], ""p_value"": 1.0, ""contingency"": [[0, 1], [228, 16797]]}",{}
327,NC00962.3,AMI-0.05-0.9-0.1,0.0,GARC1,RUS,AMI,eis@F84L,U,{},"{""proportion"": 0.0, ""confidence"": [0.0, 0.5749693909936535], ""p_value"": 1.0, ""contingency"": [[0, 2], [228, 16797]]}",{}
328,NC00962.3,AMI-0.05-0.9-0.1,0.0,GARC1,RUS,AMI,rrs@c1317t,U,{},"{""proportion"": 0.0, ""confidence"": [0.0, 0.7301340512159458], ""p_value"": 1.0, ""contingency"": [[0, 1], [228, 16797]]}",{}
329,NC00962.3,AMI-0.05-0.9-0.1,0.0,GARC1,RUS,AMI,rrs@t529c,U,{},"{""proportion"": 0.0, ""confidence"": [0.0, 0.7301340512159458], ""p_value"": 1.0, ""contingency"": [[0, 1], [228, 16797]]}",{}
330,NC00962.3,AMI-0.05-0.9-0.1,0.0,GARC1,RUS,AMI,eis@M16T,U,{},"{""proportion"": 0.0, ""confidence"": [0.0, 0.7301340512159458], ""p_value"": 1.0, ""contingency"": [[0, 1], [228, 16797]]}",{}
331,NC00962.3,AMI-0.05-0.9-0.1,0.0,GARC1,RUS,AMI,eis@S56P,U,{},"{""proportion"": 0.0, ""confidence"": [0.0, 0.7301340512159458], ""p_value"": 1.0, ""contingency"": [[0, 1], [228, 16797]]}",{}
332,NC00962.3,AMI-0.05-0.9-0.1,0.0,GARC1,RUS,AMI,rrs@c182g,U,{},"{""proportion"": 0.0, ""confidence"": [0.0, 0.7301340512159458], ""p_value"": 1.0, ""contingency"": [[0, 1], [228, 16797]]}",{}
333,NC00962.3,AMI-0.05-0.9-0.1,0.0,GARC1,RUS,AMI,rrs@t1216g,U,{},"{""proportion"": 0.0, ""confidence"": [0.0, 0.7301340512159458], ""p_value"": 1.0, ""contingency"": [[0, 1], [228, 16797]]}",{}
334,NC00962.3,AMI-0.05-0.9-0.1,0.0,GARC1,RUS,AMI,rrs@t213c,U,{},"{""proportion"": 0.0, ""confidence"": [0.0, 0.5749693909936535], ""p_value"": 1.0, ""contingency"": [[0, 2], [228, 16797]]}",{}
335,NC00962.3,AMI-0.05-0.9-0.1,0.0,GARC1,RUS,AMI,rrs@c141t,U,{},"{""proportion"": 0.0, ""confidence"": [0.0, 0.7301340512159458], ""p_value"": 1.0, ""contingency"": [[0, 1], [228, 16797]]}",{}
336,NC00962.3,AMI-0.05-0.9-0.1,0.0,GARC1,RUS,AMI,rrs@t1191c,U,{},"{""proportion"": 0.0, ""confidence"": [0.0, 0.7301340512159458], ""p_value"": 1.0, ""contingency"": [[0, 1], [228, 16797]]}",{}
337,NC00962.3,AMI-0.05-0.9-0.1,0.0,GARC1,RUS,AMI,eis@V115A,U,{},"{""proportion"": 0.0, ""confidence"": [0.0, 0.7301340512159458], ""p_value"": 1.0, ""contingency"": [[0, 1], [228, 16797]]}",{}
338,NC00962.3,AMI-0.05-0.9-0.1,0.0,GARC1,RUS,AMI,rrs@g887a,U,{},"{""proportion"": 0.0, ""confidence"": [0.0, 0.4741955741575127], ""p_value"": 1.0, ""contingency"": [[0, 3], [228, 16797]]}",{}
339,NC00962.3,AMI-0.05-0.9-0.1,0.0,GARC1,RUS,AMI,rrs@a1500t,U,{},"{""proportion"": 0.0, ""confidence"": [0.0, 0.7301340512159458], ""p_value"": 1.0, ""contingency"": [[0, 1], [228, 16797]]}",{}
340,NC00962.3,AMI-0.05-0.9-0.1,0.0,GARC1,RUS,AMI,rrs@1091_ins_a,U,{},"{""proportion"": 0.0, ""confidence"": [0.0, 0.7301340512159458], ""p_value"": 1.0, ""contingency"": [[0, 1], [228, 16797]]}",{}
341,NC00962.3,AMI-0.05-0.9-0.1,0.0,GARC1,RUS,AMI,rrs@c1184t,U,{},"{""proportion"": 0.0, ""confidence"": [0.0, 0.7301340512159458], ""p_value"": 1.0, ""contingency"": [[0, 1], [228, 16797]]}",{}
342,NC00962.3,AMI-0.05-0.9-0.1,0.0,GARC1,RUS,AMI,eis@T38A,U,{},"{""proportion"": 0.0, ""confidence"": [0.0, 0.7301340512159458], ""p_value"": 1.0, ""contingency"": [[0, 1], [228, 16797]]}",{}
343,NC00962.3,AMI-0.05-0.9-0.1,0.0,GARC1,RUS,AMI,eis@a-33g,U,{},"{""proportion"": 0.0, ""confidence"": [0.0, 0.7301340512159458], ""p_value"": 1.0, ""contingency"": [[0, 1], [228, 16797]]}",{}
344,NC00962.3,AMI-0.05-0.9-0.1,0.0,GARC1,RUS,AMI,rrs@t200a,U,{},"{""proportion"": 0.0, ""confidence"": [0.0, 0.4741955741575127], ""p_value"": 1.0, ""contingency"": [[0, 3], [228, 16797]]}",{}
345,NC00962.3,AMI-0.05-0.9-0.1,0.0,GARC1,RUS,AMI,rrs@c340t,U,{},"{""proportion"": 0.0, ""confidence"": [0.0, 0.7301340512159458], ""p_value"": 1.0, ""contingency"": [[0, 1], [228, 16797]]}",{}
346,NC00962.3,AMI-0.05-0.9-0.1,0.0,GARC1,RUS,AMI,eis@W36!,U,{},"{""proportion"": 0.0, ""confidence"": [0.0, 0.7301340512159458], ""p_value"": 1.0, ""contingency"": [[0, 1], [228, 16797]]}",{}
347,NC00962.3,AMI-0.05-0.9-0.1,0.0,GARC1,RUS,AMI,rrs@c474t,U,{},"{""proportion"": 0.0, ""confidence"": [0.0, 0.7301340512159458], ""p_value"": 1.0, ""contingency"": [[0, 1], [228, 16797]]}",{}
348,NC00962.3,AMI-0.05-0.9-0.1,0.0,GARC1,RUS,AMI,rrs@1111_ins_c,U,{},"{""proportion"": 0.0, ""confidence"": [0.0, 0.7301340512159458], ""p_value"": 1.0, ""contingency"": [[0, 1], [228, 16797]]}",{}
349,NC00962.3,AMI-0.05-0.9-0.1,0.0,GARC1,RUS,AMI,rrs@1537_ins_a,U,{},"{""proportion"": 0.0, ""confidence"": [0.0, 0.7301340512159458], ""p_value"": 1.0, ""contingency"": [[0, 1], [228, 16797]]}",{}
350,NC00962.3,AMI-0.05-0.9-0.1,0.0,GARC1,RUS,AMI,eis@a-39c,U,{},"{""proportion"": 0.0, ""confidence"": [0.0, 0.7301340512159458], ""p_value"": 1.0, ""contingency"": [[0, 1], [228, 16797]]}",{}
351,NC00962.3,AMI-0.05-0.9-0.1,0.0,GARC1,RUS,AMI,eis@45_ins_g,U,{},"{""proportion"": 0.0, ""confidence"": [0.0, 0.4741955741575127], ""p_value"": 1.0, ""contingency"": [[0, 3], [228, 16797]]}",{}
352,NC00962.3,AMI-0.05-0.9-0.1,0.0,GARC1,RUS,AMI,eis@a-13g,U,{},"{""proportion"": 0.0, ""confidence"": [0.0, 0.5749693909936535], ""p_value"": 1.0, ""contingency"": [[0, 2], [228, 16797]]}",{}
353,NC00962.3,AMI-0.05-0.9-0.1,0.0,GARC1,RUS,AMI,eis@I108M,U,{},"{""proportion"": 0.0, ""confidence"": [0.0, 0.7301340512159458], ""p_value"": 1.0, ""contingency"": [[0, 1], [228, 16797]]}",{}
354,NC00962.3,AMI-0.05-0.9-0.1,0.0,GARC1,RUS,AMI,rrs@a297c,U,{},"{""proportion"": 0.0, ""confidence"": [0.0, 0.7301340512159458], ""p_value"": 1.0, ""contingency"": [[0, 1], [228, 16797]]}",{}
355,NC00962.3,AMI-0.05-0.9-0.1,0.0,GARC1,RUS,AMI,rrs@t-79c,U,{},"{""proportion"": 0.0, ""confidence"": [0.0, 0.7301340512159458], ""p_value"": 1.0, ""contingency"": [[0, 1], [228, 16797]]}",{}
356,NC00962.3,AMI-0.05-0.9-0.1,0.0,GARC1,RUS,AMI,rrs@t983c,U,{},"{""proportion"": 0.0, ""confidence"": [0.0, 0.7301340512159458], ""p_value"": 1.0, ""contingency"": [[0, 1], [228, 16797]]}",{}
357,NC00962.3,AMI-0.05-0.9-0.1,0.0,GARC1,RUS,AMI,rrs@c1256t,U,{},"{""proportion"": 0.0, ""confidence"": [0.0, 0.7301340512159458], ""p_value"": 1.0, ""contingency"": [[0, 1], [228, 16797]]}",{}
358,NC00962.3,AMI-0.05-0.9-0.1,0.0,GARC1,RUS,AMI,eis@A330V,U,{},"{""proportion"": 0.0, ""confidence"": [0.0, 0.7301340512159458], ""p_value"": 1.0, ""contingency"": [[0, 1], [228, 16797]]}",{}
359,NC00962.3,AMI-0.05-0.9-0.1,0.0,GARC1,RUS,AMI,rrs@t23c,U,{},"{""proportion"": 0.0, ""confidence"": [0.0, 0.7301340512159458], ""p_value"": 1.0, ""contingency"": [[0, 1], [228, 16797]]}",{}
360,NC00962.3,AMI-0.05-0.9-0.1,0.0,GARC1,RUS,AMI,rrs@t1465g,U,{},"{""proportion"": 0.0, ""confidence"": [0.0, 0.5749693909936535], ""p_value"": 1.0, ""contingency"": [[0, 2], [228, 16797]]}",{}
361,NC00962.3,AMI-0.05-0.9-0.1,0.0,GARC1,RUS,AMI,rrs@c1414a,U,{},"{""proportion"": 0.0, ""confidence"": [0.0, 0.7301340512159458], ""p_value"": 1.0, ""contingency"": [[0, 1], [228, 16797]]}",{}
362,NC00962.3,AMI-0.05-0.9-0.1,0.0,GARC1,RUS,AMI,rrs@g986t,U,{},"{""proportion"": 0.0, ""confidence"": [0.0, 0.7301340512159458], ""p_value"": 1.0, ""contingency"": [[0, 1], [228, 16797]]}",{}
363,NC00962.3,AMI-0.05-0.9-0.1,0.0,GARC1,RUS,AMI,eis@R144L,U,{},"{""proportion"": 0.0, ""confidence"": [0.0, 0.7301340512159458], ""p_value"": 1.0, ""contingency"": [[0, 1], [228, 16797]]}",{}
364,NC00962.3,AMI-0.05-0.9-0.1,0.0,GARC1,RUS,AMI,rrs@c306a,U,{},"{""proportion"": 0.0, ""confidence"": [0.0, 0.7301340512159458], ""p_value"": 1.0, ""contingency"": [[0, 1], [228, 16797]]}",{}
365,NC00962.3,AMI-0.05-0.9-0.1,0.0,GARC1,RUS,AMI,eis@G157C,U,{},"{""proportion"": 0.0, ""confidence"": [0.0, 0.7301340512159458], ""p_value"": 1.0, ""contingency"": [[0, 1], [228, 16797]]}",{}
366,NC00962.3,AMI-0.05-0.9-0.1,0.0,GARC1,RUS,AMI,rrs@g361t,U,{},"{""proportion"": 0.0, ""confidence"": [0.0, 0.7301340512159458], ""p_value"": 1.0, ""contingency"": [[0, 1], [228, 16797]]}",{}
367,NC00962.3,AMI-0.05-0.9-0.1,0.0,GARC1,RUS,AMI,rrs@g1348t,U,{},"{""proportion"": 0.0, ""confidence"": [0.0, 0.7301340512159458], ""p_value"": 1.0, ""contingency"": [[0, 1], [228, 16797]]}",{}
368,NC00962.3,AMI-0.05-0.9-0.1,0.0,GARC1,RUS,AMI,rrs@t663c,U,{},"{""proportion"": 0.0, ""confidence"": [0.0, 0.7301340512159458], ""p_value"": 1.0, ""contingency"": [[0, 1], [228, 16797]]}",{}
369,NC00962.3,AMI-0.05-0.9-0.1,0.0,GARC1,RUS,AMI,rrs@t305c,U,{},"{""proportion"": 0.0, ""confidence"": [0.0, 0.7301340512159458], ""p_value"": 1.0, ""contingency"": [[0, 1], [228, 16797]]}",{}
370,NC00962.3,AMI-0.05-0.9-0.1,0.0,GARC1,RUS,AMI,rrs@t1133c,U,{},"{""proportion"": 0.0, ""confidence"": [0.0, 0.7301340512159458], ""p_value"": 1.0, ""contingency"": [[0, 1], [228, 16797]]}",{}
371,NC00962.3,AMI-0.05-0.9-0.1,0.0,GARC1,RUS,AMI,rrs@c414t,U,{},"{""proportion"": 0.0, ""confidence"": [0.0, 0.5749693909936535], ""p_value"": 1.0, ""contingency"": [[0, 2], [228, 16797]]}",{}
372,NC00962.3,AMI-0.05-0.9-0.1,0.0,GARC1,RUS,AMI,rrs@g-9c,U,{},"{""proportion"": 0.0, ""confidence"": [0.0, 0.7301340512159458], ""p_value"": 1.0, ""contingency"": [[0, 1], [228, 16797]]}",{}
373,NC00962.3,AMI-0.05-0.9-0.1,0.0,GARC1,RUS,AMI,eis@a-43g,U,{},"{""proportion"": 0.0, ""confidence"": [0.0, 0.7301340512159458], ""p_value"": 1.0, ""contingency"": [[0, 1], [228, 16797]]}",{}
374,NC00962.3,AMI-0.05-0.9-0.1,0.0,GARC1,RUS,AMI,rrs@g174t,U,{},"{""proportion"": 0.0, ""confidence"": [0.0, 0.7301340512159458], ""p_value"": 1.0, ""contingency"": [[0, 1], [228, 16797]]}",{}
375,NC00962.3,AMI-0.05-0.9-0.1,0.0,GARC1,RUS,AMI,rrs@g72c,U,{},"{""proportion"": 0.0, ""confidence"": [0.0, 0.5749693909936535], ""p_value"": 1.0, ""contingency"": [[0, 2], [228, 16797]]}",{}
376,NC00962.3,AMI-0.05-0.9-0.1,0.0,GARC1,RUS,AMI,rrs@g142a,U,{},"{""proportion"": 0.0, ""confidence"": [-2.1340331742842984e-17, 0.2311335193197566], ""p_value"": 1.0, ""contingency"": [[0, 9], [228, 16797]]}",{}
377,NC00962.3,AMI-0.05-0.9-0.1,0.0,GARC1,RUS,AMI,eis@D273A,U,{},"{""proportion"": 0.0, ""confidence"": [0.0, 0.7301340512159458], ""p_value"": 1.0, ""contingency"": [[0, 1], [228, 16797]]}",{}
378,NC00962.3,AMI-0.05-0.9-0.1,0.0,GARC1,RUS,AMI,eis@V3A,U,{},"{""proportion"": 0.0, ""confidence"": [0.0, 0.7301340512159458], ""p_value"": 1.0, ""contingency"": [[0, 1], [228, 16797]]}",{}
379,NC00962.3,AMI-0.05-0.9-0.1,0.0,GARC1,RUS,AMI,eis@a-99c,U,{},"{""proportion"": 0.0, ""confidence"": [0.0, 0.7301340512159458], ""p_value"": 1.0, ""contingency"": [[0, 1], [228, 16797]]}",{}
380,NC00962.3,AMI-0.05-0.9-0.1,0.0,GARC1,RUS,AMI,rrs@t1264c,U,{},"{""proportion"": 0.0, ""confidence"": [0.0, 0.7301340512159458], ""p_value"": 1.0, ""contingency"": [[0, 1], [228, 16797]]}",{}
381,NC00962.3,AMI-0.05-0.9-0.1,0.0,GARC1,RUS,AMI,rrs@g1079a,U,{},"{""proportion"": 0.0, ""confidence"": [0.0, 0.7301340512159458], ""p_value"": 1.0, ""contingency"": [[0, 1], [228, 16797]]}",{}
382,NC00962.3,AMI-0.05-0.9-0.1,0.0,GARC1,RUS,AMI,eis@F149V,U,{},"{""proportion"": 0.0, ""confidence"": [0.0, 0.7301340512159458], ""p_value"": 1.0, ""contingency"": [[0, 1], [228, 16797]]}",{}
383,NC00962.3,AMI-0.05-0.9-0.1,0.0,GARC1,RUS,AMI,rrs@c933t,U,{},"{""proportion"": 0.0, ""confidence"": [0.0, 0.7301340512159458], ""p_value"": 1.0, ""contingency"": [[0, 1], [228, 16797]]}",{}
384,NC00962.3,AMI-0.05-0.9-0.1,0.0,GARC1,RUS,AMI,eis@V323L,U,{},"{""proportion"": 0.0, ""confidence"": [0.0, 0.25272359742376316], ""p_value"": 1.0, ""contingency"": [[0, 8], [228, 16797]]}",{}
385,NC00962.3,AMI-0.05-0.9-0.1,0.0,GARC1,RUS,AMI,rrs@g-68c,U,{},"{""proportion"": 0.0, ""confidence"": [0.0, 0.4741955741575127], ""p_value"": 1.0, ""contingency"": [[0, 3], [228, 16797]]}",{}
386,NC00962.3,AMI-0.05-0.9-0.1,0.0,GARC1,RUS,AMI,rrs@c1112a,U,{},"{""proportion"": 0.0, ""confidence"": [0.0, 0.7301340512159458], ""p_value"": 1.0, ""contingency"": [[0, 1], [228, 16797]]}",{}
387,NC00962.3,AMI-0.05-0.9-0.1,0.0,GARC1,RUS,AMI,rrs@g1415t,U,{},"{""proportion"": 0.0, ""confidence"": [0.0, 0.7301340512159458], ""p_value"": 1.0, ""contingency"": [[0, 1], [228, 16797]]}",{}
388,NC00962.3,AMI-0.05-0.9-0.1,0.0,GARC1,RUS,AMI,eis@E199G,U,{},"{""proportion"": 0.0, ""confidence"": [0.0, 0.7301340512159458], ""p_value"": 1.0, ""contingency"": [[0, 1], [228, 16797]]}",{}
389,NC00962.3,AMI-0.05-0.9-0.1,0.0,GARC1,RUS,AMI,rrs@a1325c,U,{},"{""proportion"": 0.0, ""confidence"": [0.0, 0.7301340512159458], ""p_value"": 1.0, ""contingency"": [[0, 1], [228, 16797]]}",{}
390,NC00962.3,AMI-0.05-0.9-0.1,0.0,GARC1,RUS,AMI,eis@P276S,U,{},"{""proportion"": 0.0, ""confidence"": [0.0, 0.7301340512159458], ""p_value"": 1.0, ""contingency"": [[0, 1], [228, 16797]]}",{}
391,NC00962.3,AMI-0.05-0.9-0.1,0.0,GARC1,RUS,AMI,eis@T136S,U,{},"{""proportion"": 0.0, ""confidence"": [0.0, 0.40347862520270455], ""p_value"": 1.0, ""contingency"": [[0, 4], [228, 16797]]}",{}
392,NC00962.3,AMI-0.05-0.9-0.1,0.0,GARC1,RUS,AMI,eis@C6Y,U,{},"{""proportion"": 0.0, ""confidence"": [0.0, 0.7301340512159458], ""p_value"": 1.0, ""contingency"": [[0, 1], [228, 16797]]}",{}
393,NC00962.3,AMI-0.05-0.9-0.1,0.0,GARC1,RUS,AMI,rrs@g319a,U,{},"{""proportion"": 0.0, ""confidence"": [0.0, 0.7301340512159458], ""p_value"": 1.0, ""contingency"": [[0, 1], [228, 16797]]}",{}
394,NC00962.3,AMI-0.05-0.9-0.1,0.0,GARC1,RUS,AMI,rrs@c462t,U,{},"{""proportion"": 0.0, ""confidence"": [0.0, 0.7301340512159458], ""p_value"": 1.0, ""contingency"": [[0, 1], [228, 16797]]}",{}
395,NC00962.3,AMI-0.05-0.9-0.1,0.0,GARC1,RUS,AMI,rrs@t140g,U,{},"{""proportion"": 0.0, ""confidence"": [0.0, 0.7301340512159458], ""p_value"": 1.0, ""contingency"": [[0, 1], [228, 16797]]}",{}
396,NC00962.3,AMI-0.05-0.9-0.1,0.0,GARC1,RUS,AMI,rrs@t268c,U,{},"{""proportion"": 0.0, ""confidence"": [0.0, 0.5749693909936535], ""p_value"": 1.0, ""contingency"": [[0, 2], [228, 16797]]}",{}
397,NC00962.3,AMI-0.05-0.9-0.1,0.0,GARC1,RUS,AMI,rrs@t847c,U,{},"{""proportion"": 0.0, ""confidence"": [0.0, 0.7301340512159458], ""p_value"": 1.0, ""contingency"": [[0, 1], [228, 16797]]}",{}
398,NC00962.3,AMI-0.05-0.9-0.1,0.0,GARC1,RUS,AMI,rrs@c1112t,U,{},"{""proportion"": 0.0, ""confidence"": [0.0, 0.7301340512159458], ""p_value"": 1.0, ""contingency"": [[0, 1], [228, 16797]]}",{}
399,NC00962.3,AMI-0.05-0.9-0.1,0.0,GARC1,RUS,AMI,eis@g-23t,U,{},"{""proportion"": 0.0, ""confidence"": [0.0, 0.5749693909936535], ""p_value"": 1.0, ""contingency"": [[0, 2], [228, 16797]]}",{}
400,NC00962.3,AMI-0.05-0.9-0.1,0.0,GARC1,RUS,AMI,rrs@t-78c,U,{},"{""proportion"": 0.0, ""confidence"": [0.0, 0.7301340512159458], ""p_value"": 1.0, ""contingency"": [[0, 1], [228, 16797]]}",{}
401,NC00962.3,AMI-0.05-0.9-0.1,0.0,GARC1,RUS,AMI,eis@R49C,U,{},"{""proportion"": 0.0, ""confidence"": [0.0, 0.7301340512159458], ""p_value"": 1.0, ""contingency"": [[0, 1], [228, 16797]]}",{}
402,NC00962.3,AMI-0.05-0.9-0.1,0.0,GARC1,RUS,AMI,eis@W253R,U,{},"{""proportion"": 0.0, ""confidence"": [0.0, 0.7301340512159458], ""p_value"": 1.0, ""contingency"": [[0, 1], [228, 16797]]}",{}
403,NC00962.3,AMI-0.05-0.9-0.1,0.0,GARC1,RUS,AMI,rrs@g187a,U,{},"{""proportion"": 0.0, ""confidence"": [0.0, 0.5749693909936535], ""p_value"": 1.0, ""contingency"": [[0, 2], [228, 16797]]}",{}
404,NC00962.3,AMI-0.05-0.9-0.1,0.0,GARC1,RUS,AMI,eis@R92C,U,{},"{""proportion"": 0.0, ""confidence"": [0.0, 0.7301340512159458], ""p_value"": 1.0, ""contingency"": [[0, 1], [228, 16797]]}",{}
405,NC00962.3,AMI-0.05-0.9-0.1,0.0,GARC1,RUS,AMI,eis@R212H,U,{},"{""proportion"": 0.0, ""confidence"": [0.0, 0.7301340512159458], ""p_value"": 1.0, ""contingency"": [[0, 1], [228, 16797]]}",{}
406,NC00962.3,AMI-0.05-0.9-0.1,0.0,GARC1,RUS,AMI,eis@g-76t,U,{},"{""proportion"": 0.0, ""confidence"": [0.0, 0.7301340512159458], ""p_value"": 1.0, ""contingency"": [[0, 1], [228, 16797]]}",{}
407,NC00962.3,AMI-0.05-0.9-0.1,0.0,GARC1,RUS,AMI,rrs@t213a,U,{},"{""proportion"": 0.0, ""confidence"": [0.0, 0.7301340512159458], ""p_value"": 1.0, ""contingency"": [[0, 1], [228, 16797]]}",{}
408,NC00962.3,AMI-0.05-0.9-0.1,0.0,GARC1,RUS,AMI,eis@c-58a,U,{},"{""proportion"": 0.0, ""confidence"": [0.0, 0.7301340512159458], ""p_value"": 1.0, ""contingency"": [[0, 1], [228, 16797]]}",{}
410,NC00962.3,AMI-0.05-0.9-0.1,0.0,GARC1,RUS,AMI,rrs@-*_indel,U,{},"{""default_rule"": ""True""}",{}
411,NC00962.3,AMI-0.05-0.9-0.1,0.0,GARC1,RUS,AMI,rrs@*_indel,U,{},"{""default_rule"": ""True""}",{}
412,NC00962.3,AMI-0.05-0.9-0.1,0.0,GARC1,RUS,AMI,rrs@-*?,U,{},"{""default_rule"": ""True""}",{}
413,NC00962.3,AMI-0.05-0.9-0.1,0.0,GARC1,RUS,AMI,rrs@*?,U,{},"{""default_rule"": ""True""}",{}
414,NC00962.3,AMI-0.05-0.9-0.1,0.0,GARC1,RUS,AMI,rrs@del_0.0,U,{},"{""default_rule"": ""True""}",{}
416,NC00962.3,AMI-0.05-0.9-0.1,0.0,GARC1,RUS,AMI,eis@-*_indel,U,{},"{""default_rule"": ""True""}",{}
417,NC00962.3,AMI-0.05-0.9-0.1,0.0,GARC1,RUS,AMI,eis@*_indel,U,{},"{""default_rule"": ""True""}",{}
418,NC00962.3,AMI-0.05-0.9-0.1,0.0,GARC1,RUS,AMI,eis@-*?,U,{},"{""default_rule"": ""True""}",{}
419,NC00962.3,AMI-0.05-0.9-0.1,0.0,GARC1,RUS,AMI,eis@*?,U,{},"{""default_rule"": ""True""}",{}
420,NC00962.3,AMI-0.05-0.9-0.1,0.0,GARC1,RUS,AMI,eis@del_0.0,U,{},"{""default_rule"": ""True""}",{}
